0.000000000 -0.000000000e+00 -0.000000000e+00 -0.000000000e+00 1.122004662e-02 4.801317720e-03 -5.387502100e-05 9.999255247e-01
0.207792997 -2.367143154e+00 -2.551255748e-02 -6.399122067e-03 1.111321068e-02 4.806660609e-03 3.560918593e-04 9.999266302e-01
0.415578842 -4.771441460e+00 -4.484041035e-02 -2.510821447e-02 1.109516281e-02 4.896874806e-03 9.980364106e-04 9.999259582e-01
0.831291914 -4.771824360e+00 -8.369162679e-03 -3.704895079e-02 1.213846445e-02 4.135925909e-03 1.957422830e-03 9.999158566e-01
1.039113045 -7.452087402e+00 -2.245152555e-02 -5.616056174e-02 1.232008652e-02 5.061626963e-03 3.035370971e-03 9.999066866e-01
1.350847006 -5.238033772e+00 -9.567315690e-03 -1.274884492e-01 1.255907835e-02 4.216818174e-03 4.322328401e-03 9.999028980e-01
1.558707952 -7.624815941e+00 -4.769483954e-02 -1.432677954e-01 1.255139938e-02 4.487057042e-03 4.978315239e-03 9.998987674e-01
1.766595840 -1.003045273e+01 -6.930552423e-02 -1.808553487e-01 1.301426332e-02 4.663097628e-03 5.628673122e-03 9.998885950e-01
1.974519968 -8.683537483e+00 -6.939494610e-02 -2.118473351e-01 1.234011499e-02 4.668349327e-03 6.023056056e-03 9.998948199e-01
2.286430836 -1.106523895e+01 -7.901816070e-02 -2.500609457e-01 1.237819094e-02 5.789441859e-03 5.320645828e-03 9.998924710e-01
2.702323913 -1.255607033e+01 -7.649085671e-02 -3.325357139e-01 9.721523200e-03 8.813337911e-03 3.615309191e-03 9.999073690e-01
3.118144035 -1.456834793e+01 -4.319875315e-02 -3.901732862e-01 1.027820193e-02 1.011394375e-02 1.600402216e-03 9.998947472e-01
3.533794880 -1.657258224e+01 -6.867865101e-03 -3.989090025e-01 1.005979421e-02 9.260801565e-03 1.916658439e-03 9.999046777e-01
4.053314924 -1.873370743e+01 1.009119023e-02 -4.862584174e-01 8.528578808e-03 9.724530321e-03 3.552242452e-03 9.999100352e-01
4.365073919 -2.127616501e+01 1.718946360e-02 -4.830964208e-01 9.059843938e-03 1.076633785e-02 4.045697030e-03 9.998928130e-01
4.780818939 -2.271706009e+01 4.803609103e-02 -5.567789078e-01 6.908085012e-03 9.885778970e-03 3.966249385e-03 9.999194061e-01
5.196691990 -2.473960304e+01 8.273617923e-02 -6.015385985e-01 5.740503021e-03 1.002255805e-02 7.582219780e-04 9.999330078e-01
5.716640949 -2.752492332e+01 8.758106083e-02 -6.029911637e-01 5.672537478e-03 9.241518883e-03 -5.518857274e-03 9.999259767e-01
6.028635979 -3.054730606e+01 6.320065260e-02 -5.499963164e-01 6.199000862e-03 5.740423538e-03 -1.244015203e-02 9.998869249e-01
6.340682983 -3.412410736e+01 6.177822128e-02 -4.761322439e-01 6.451043957e-03 6.022409200e-03 -1.735157208e-02 9.998105008e-01
6.756691933 -3.875650024e+01 4.055055231e-02 -2.924005687e-01 6.666581333e-03 5.912936020e-03 -2.354600548e-02 9.996830395e-01
7.172679901 -4.338628387e+01 4.690795764e-02 -6.761839986e-02 1.002190799e-02 5.086592473e-03 -2.825113408e-02 9.995376738e-01
7.484700918 -4.688040161e+01 3.860840574e-02 1.207155287e-01 9.676113384e-03 3.619054702e-03 -3.070565831e-02 9.994750811e-01
7.796645880 -5.044052124e+01 3.272128478e-02 3.127015531e-01 9.790264450e-03 5.444055053e-03 -2.888913540e-02 9.995198501e-01
8.212491989 -5.526964951e+01 3.000568226e-02 5.388745666e-01 8.909635299e-03 5.864680944e-03 -2.212682188e-02 9.996982683e-01
8.524320841 -5.893369675e+01 3.370850533e-02 6.459591389e-01 8.533604573e-03 7.163135463e-03 -1.588960057e-02 9.998116761e-01
8.836195946 -6.260842514e+01 3.932318836e-02 7.107433677e-01 7.800160566e-03 7.207592404e-03 -8.367783753e-03 9.999085900e-01
9.044178963 -6.506414032e+01 3.776334226e-02 7.153081298e-01 6.757736387e-03 7.049515663e-03 -3.980733370e-03 9.999443940e-01
9.252207041 -6.752861023e+01 4.018879682e-02 7.138143778e-01 5.178242329e-03 7.196495761e-03 -1.976924911e-03 9.999587432e-01
9.460259914 -7.002468872e+01 4.905537143e-02 7.041553259e-01 3.255520775e-03 7.563224015e-03 -8.990158031e-04 9.999656949e-01
9.668267011 -7.251892853e+01 4.815588146e-02 6.887445450e-01 1.682609193e-03 8.825395301e-03 2.415426422e-05 9.999596395e-01
9.876238823 -7.502453613e+01 7.407802343e-02 6.822730899e-01 1.405190739e-03 1.036691232e-02 7.906935434e-04 9.999449622e-01
10.084205866 -7.754042816e+01 1.020598784e-01 6.710501313e-01 2.213081138e-03 9.955472240e-03 1.380095257e-03 9.999470417e-01
10.292186022 -8.007536316e+01 1.190235764e-01 6.581754684e-01 5.268310340e-03 1.190561299e-02 2.149829101e-03 9.999129360e-01
10.500144005 -8.260283661e+01 1.402091831e-01 6.490854025e-01 8.299729232e-03 1.202181529e-02 2.257391771e-03 9.998907413e-01
10.708076954 -8.514788818e+01 1.581690758e-01 6.359980106e-01 1.027711353e-02 1.150976783e-02 2.227187497e-03 9.998784655e-01
10.915983915 -8.769841003e+01 1.800306737e-01 6.223359108e-01 1.007009946e-02 1.241949248e-02 1.880298155e-03 9.998703985e-01
11.123889923 -9.026051331e+01 2.105476856e-01 5.940561295e-01 9.340786319e-03 1.293965846e-02 1.299428531e-03 9.998718050e-01
11.331783056 -9.281766510e+01 2.410670817e-01 5.710531473e-01 9.096050595e-03 1.119340720e-02 1.001616835e-03 9.998954777e-01
11.539716005 -9.535328674e+01 2.501804829e-01 5.617783070e-01 9.508804020e-03 7.432368171e-03 5.054945100e-04 9.999270409e-01
11.747648954 -9.788959503e+01 2.475370765e-01 5.593891740e-01 9.473511499e-03 7.010478650e-03 3.851725192e-04 9.999304763e-01
11.955554962 -1.004365082e+02 2.476054877e-01 5.394799709e-01 9.019762229e-03 7.879860772e-03 6.236525138e-04 9.999280788e-01
12.163467884 -1.029659805e+02 2.509787381e-01 5.256708264e-01 8.701396567e-03 8.158405065e-03 9.999516208e-04 9.999283605e-01
12.371350050 -1.054996338e+02 2.579951286e-01 5.065156817e-01 8.514546881e-03 8.801237857e-03 1.788466466e-03 9.999234181e-01
12.579288006 -1.080327835e+02 2.646351159e-01 4.924021065e-01 8.443576789e-03 8.778856026e-03 2.537329196e-03 9.999225968e-01
12.787220001 -1.105718689e+02 2.741377056e-01 4.584743679e-01 7.766932916e-03 8.168733468e-03 3.305775452e-03 9.999310068e-01
12.995177030 -1.131056900e+02 2.766609192e-01 4.272198975e-01 7.789055343e-03 7.601764637e-03 4.048313587e-03 9.999325752e-01
13.203111887 -1.156490173e+02 2.793183029e-01 3.925710618e-01 7.547657164e-03 8.194743850e-03 4.871074185e-03 9.999260731e-01
13.410999060 -1.181795959e+02 2.855636477e-01 3.629252017e-01 7.290102748e-03 8.698791034e-03 5.712559134e-03 9.999192728e-01
13.618908882 -1.207114258e+02 2.949410379e-01 3.179339468e-01 6.983233531e-03 8.719211651e-03 6.421837088e-03 9.999169815e-01
13.826792002 -1.232392197e+02 3.024204671e-01 2.704614401e-01 6.358554615e-03 8.653311198e-03 6.944773328e-03 9.999182262e-01
14.034725904 -1.257662201e+02 3.114404976e-01 2.315532565e-01 7.103535077e-03 7.672601056e-03 7.304719390e-03 9.999186527e-01
14.242611885 -1.283048096e+02 3.061492145e-01 1.915407777e-01 7.757663633e-03 9.090010721e-03 7.582876598e-03 9.998998402e-01
14.450566053 -1.308332214e+02 3.210174441e-01 1.359764189e-01 8.639488794e-03 1.146806379e-02 7.756475106e-03 9.998668311e-01
14.658524990 -1.333479614e+02 3.390306532e-01 8.175345510e-02 7.641525212e-03 9.241906653e-03 7.831286206e-03 9.998974273e-01
14.866410971 -1.358272400e+02 3.462046385e-01 3.145794570e-02 7.650476383e-03 9.696645375e-03 7.857863395e-03 9.998928439e-01
15.074369907 -1.383075714e+02 3.580346107e-01 -1.910505630e-02 8.096890679e-03 1.126734366e-02 7.431690135e-03 9.998761210e-01
15.282349825 -1.407679749e+02 3.714858294e-01 -5.465427041e-02 8.505606772e-03 1.062944684e-02 6.059629545e-03 9.998889690e-01
15.490331888 -1.432190704e+02 3.742009401e-01 -8.665055037e-02 8.280444654e-03 9.700351465e-03 4.940678486e-03 9.999064592e-01
15.698288917 -1.456612244e+02 3.881409168e-01 -1.286183000e-01 8.658207689e-03 1.084125982e-02 3.802455420e-03 9.998965166e-01
15.906270981 -1.480731964e+02 4.035028219e-01 -1.555686891e-01 8.503589260e-03 1.113962704e-02 2.614862715e-03 9.998983749e-01
16.114225864 -1.504604645e+02 4.147113562e-01 -1.738921702e-01 8.307035492e-03 1.162539001e-02 1.632945095e-03 9.998965831e-01
16.322235823 -1.528185577e+02 4.330394268e-01 -1.908710748e-01 8.228127590e-03 1.171584663e-02 6.957202026e-04 9.998972711e-01
16.530218839 -1.551316376e+02 4.440276325e-01 -2.024586797e-01 8.560267961e-03 1.211489029e-02 3.407662806e-04 9.998899115e-01
16.738149881 -1.573789673e+02 4.574072659e-01 -2.139790356e-01 8.850960858e-03 1.270788773e-02 7.655779096e-04 9.998797848e-01
16.946146965 -1.595625458e+02 4.701445997e-01 -2.252193391e-01 8.682052385e-03 1.223337476e-02 1.213914520e-03 9.998867400e-01
17.154111862 -1.617084961e+02 4.807305038e-01 -2.431149334e-01 8.965251577e-03 1.215991194e-02 2.047883559e-03 9.998837767e-01
17.362093925 -1.637928162e+02 4.968824685e-01 -2.611345053e-01 9.485863871e-03 1.304231588e-02 3.808696278e-03 9.998626957e-01
17.570097923 -1.658214569e+02 5.066540241e-01 -2.992279232e-01 9.556323553e-03 1.415590145e-02 5.839427007e-03 9.998370808e-01
17.778080940 -1.677826691e+02 5.253825188e-01 -3.362098336e-01 9.372202056e-03 1.408929814e-02 8.528797227e-03 9.998204404e-01
17.986086845 -1.696505890e+02 5.387610197e-01 -3.834462762e-01 9.052719065e-03 1.426773644e-02 1.132716029e-02 9.997930663e-01
18.194092989 -1.714209442e+02 5.521672964e-01 -4.428609014e-01 9.343715851e-03 1.382893505e-02 1.429562571e-02 9.997585162e-01
18.402169943 -1.731119537e+02 5.637317300e-01 -5.148756504e-01 8.802148417e-03 1.350498069e-02 1.746213990e-02 9.997175658e-01
18.610271931 -1.747109222e+02 5.795781612e-01 -5.890445709e-01 7.757322772e-03 1.362649519e-02 1.908241374e-02 9.996949555e-01
18.818421841 -1.762569733e+02 5.887872577e-01 -6.497011781e-01 7.614226222e-03 1.446424293e-02 1.889658473e-02 9.996878154e-01
19.026569843 -1.777296295e+02 5.990881920e-01 -7.167893648e-01 7.646064414e-03 1.374884878e-02 1.844398230e-02 9.997061200e-01
19.234719992 -1.791820526e+02 6.118144989e-01 -7.740258574e-01 7.383341628e-03 1.202525870e-02 1.754769724e-02 9.997464467e-01
19.442893028 -1.806280975e+02 6.240047216e-01 -8.254944682e-01 7.175854019e-03 1.168037537e-02 1.614833715e-02 9.997756284e-01
19.651042938 -1.820570526e+02 6.342902184e-01 -8.696460128e-01 7.350210525e-03 1.164273529e-02 1.409342429e-02 9.998058794e-01
19.859216928 -1.834663696e+02 6.426846981e-01 -9.110587239e-01 7.254615256e-03 1.180326177e-02 1.180922746e-02 9.998342841e-01
20.067340851 -1.848742676e+02 6.517300010e-01 -9.402350783e-01 7.808404210e-03 1.228145377e-02 8.897128102e-03 9.998545073e-01
20.275490999 -1.862561951e+02 6.605772376e-01 -9.616456032e-01 8.177466594e-03 1.235602013e-02 5.811270123e-03 9.998733355e-01
20.483664989 -1.876417847e+02 6.734079719e-01 -9.816619754e-01 7.933450479e-03 1.213591434e-02 3.051964323e-03 9.998902267e-01
20.691838980 -1.890313416e+02 6.872556806e-01 -9.854524732e-01 7.690858025e-03 1.216050330e-02 4.957379159e-05 9.998964798e-01
20.900009870 -1.904414825e+02 7.070339322e-01 -9.944353104e-01 7.830489575e-03 1.249193992e-02 -2.416886514e-03 9.998883905e-01
21.108160019 -1.918618469e+02 7.210875750e-01 -9.842788577e-01 7.837116549e-03 1.101459512e-02 -4.324217727e-03 9.998992746e-01
21.316262007 -1.932997894e+02 7.403680086e-01 -9.747630954e-01 8.230584466e-03 9.745558713e-03 -5.133241617e-03 9.999054612e-01
21.524340868 -1.947660828e+02 7.459678650e-01 -9.661861062e-01 8.312122875e-03 9.468152809e-03 -5.228112490e-03 9.999069604e-01
21.732394934 -1.962511139e+02 7.609668970e-01 -9.574945569e-01 8.096441249e-03 8.415632185e-03 -5.524872981e-03 9.999165468e-01
21.940472841 -1.977527466e+02 7.585714459e-01 -9.274944663e-01 1.046441646e-02 6.745958822e-03 -5.963265263e-03 9.999047092e-01
22.148596048 -1.993033447e+02 7.760381103e-01 -9.310809374e-01 8.076888368e-03 1.112971366e-02 -6.468064958e-03 9.998845221e-01
22.356699943 -2.008748169e+02 7.953469157e-01 -8.990663886e-01 9.694604455e-03 1.302097296e-02 -7.616175389e-03 9.998392185e-01
22.564847946 -2.024844971e+02 8.154373169e-01 -8.794623613e-01 7.978746855e-03 8.366290652e-03 -1.136337806e-02 9.998686006e-01
22.772949934 -2.041400604e+02 8.354124427e-01 -8.451564312e-01 7.089039933e-03 8.692856822e-03 -1.450088442e-02 9.998319379e-01
22.981004953 -2.058180695e+02 8.461159468e-01 -7.792543769e-01 9.882419043e-03 1.132163508e-02 -1.745448208e-02 9.997347145e-01
23.189129829 -2.074782257e+02 8.641965389e-01 -7.273063660e-01 9.638571671e-03 1.132653042e-02 -2.023511499e-02 9.996846242e-01
23.397254944 -2.091688385e+02 8.766336441e-01 -6.595519781e-01 8.490732974e-03 9.803910938e-03 -2.267666888e-02 9.996587215e-01
23.605356932 -2.108455658e+02 8.916313052e-01 -5.806983709e-01 7.717386977e-03 1.154660686e-02 -2.545316524e-02 9.995795387e-01
23.813386917 -2.125387421e+02 9.079553485e-01 -4.997410774e-01 7.291151578e-03 1.168433517e-02 -2.819374443e-02 9.995075929e-01
24.021401882 -2.142265778e+02 9.252046943e-01 -4.027824998e-01 8.788845173e-03 1.156719678e-02 -3.058615846e-02 9.994265571e-01
24.229373932 -2.159188995e+02 9.425227046e-01 -2.966645956e-01 1.030803902e-02 1.178425867e-02 -3.151311808e-02 9.993807077e-01
24.437322855 -2.176427917e+02 9.581510425e-01 -1.943322271e-01 1.022556273e-02 1.208638784e-02 -3.150831663e-02 9.993780982e-01
24.645190000 -2.193472748e+02 9.778323174e-01 -9.410635382e-02 1.022083584e-02 1.230388331e-02 -3.092305529e-02 9.993937731e-01
24.853076935 -2.210470734e+02 9.965513945e-01 -1.439848682e-03 9.954519813e-03 1.167798003e-02 -2.942181154e-02 9.994492930e-01
25.060964823 -2.227614441e+02 1.012799621e+00 8.069989085e-02 8.926741414e-03 1.143116405e-02 -2.765022377e-02 9.995124346e-01
25.268848896 -2.244670410e+02 1.027102947e+00 1.607354730e-01 8.542862968e-03 1.205366194e-02 -2.516171894e-02 9.995742177e-01
25.476783991 -2.261461792e+02 1.040927291e+00 2.272639573e-01 9.643934194e-03 1.383301730e-02 -2.098873693e-02 9.996374918e-01
25.684787035 -2.278098145e+02 1.060117245e+00 2.833408415e-01 1.041401925e-02 1.504538263e-02 -1.617536666e-02 9.997017266e-01
25.892865896 -2.294336853e+02 1.081806540e+00 3.216936290e-01 1.107292154e-02 1.547668319e-02 -1.148707058e-02 9.997529244e-01
26.100967884 -2.309851227e+02 1.098618865e+00 3.353666961e-01 1.129554424e-02 1.539541466e-02 -7.213772240e-03 9.997916550e-01
26.309022903 -2.324656219e+02 1.120007038e+00 3.435768485e-01 1.146288357e-02 1.546539946e-02 -3.481879018e-03 9.998086318e-01
26.517026901 -2.338702545e+02 1.129385829e+00 3.328805566e-01 1.170524577e-02 1.468886248e-02 8.803201172e-04 9.998232092e-01
26.724987030 -2.352091370e+02 1.140997052e+00 3.061741889e-01 1.041584790e-02 1.263250222e-02 7.932945682e-03 9.998344855e-01
26.932797909 -2.364893036e+02 1.151352406e+00 2.524592578e-01 1.049660284e-02 1.159885784e-02 1.906844297e-02 9.996957949e-01
27.140468836 -2.377331848e+02 1.150742531e+00 1.504792422e-01 9.039931461e-03 1.196361158e-02 3.741802646e-02 9.991871911e-01
27.348041057 -2.389010162e+02 1.155939102e+00 -6.346502341e-03 8.008292005e-03 1.148486409e-02 6.085656105e-02 9.980483175e-01
27.555543899 -2.400170593e+02 1.166821361e+00 -2.334729433e-01 7.069173927e-03 1.138969391e-02 8.950974112e-02 9.958957314e-01
27.763020992 -2.410675964e+02 1.172574401e+00 -5.291031003e-01 7.689746141e-03 1.211347606e-02 1.238470113e-01 9.921975858e-01
27.970520019 -2.420536652e+02 1.174871445e+00 -9.002298117e-01 7.203247975e-03 1.345676649e-02 1.637747523e-01 9.863796729e-01
28.177924871 -2.429725952e+02 1.179799557e+00 -1.327121496e+00 7.695980664e-03 1.445774221e-02 2.056783787e-01 9.784825753e-01
28.385330915 -2.438258514e+02 1.184280396e+00 -1.829534531e+00 9.116230379e-03 1.476098117e-02 2.504371185e-01 9.679774054e-01
28.592808962 -2.446126251e+02 1.189559221e+00 -2.412809849e+00 1.064021923e-02 1.553674035e-02 2.986405644e-01 9.541798618e-01
28.800360918 -2.453081207e+02 1.196442723e+00 -3.054917812e+00 1.156175570e-02 1.499684222e-02 3.512932778e-01 9.360739573e-01
29.007861852 -2.459285736e+02 1.209918499e+00 -3.770146608e+00 1.491459688e-02 1.772925110e-02 4.045724377e-01 9.142124322e-01
29.215286970 -2.464312744e+02 1.178688049e+00 -4.523741245e+00 1.567681790e-02 1.986460484e-02 4.609717562e-01 8.870539300e-01
29.422814846 -2.467871399e+02 1.180293441e+00 -5.327791691e+00 1.152554908e-02 1.825844574e-02 5.160236044e-01 8.563021841e-01
29.630388975 -2.470283508e+02 1.194475293e+00 -6.116085529e+00 1.061617138e-02 1.783855124e-02 5.711764826e-01 8.205647499e-01
29.838058948 -2.471740112e+02 1.195691109e+00 -6.932754517e+00 1.004496225e-02 1.941063280e-02 6.193425911e-01 7.848165906e-01
30.045725822 -2.472160950e+02 1.183911085e+00 -7.787596226e+00 8.472648732e-03 2.062606800e-02 6.686244397e-01 7.432658597e-01
30.253371954 -2.471534119e+02 1.191042066e+00 -8.688497543e+00 5.187494871e-03 2.313274361e-02 7.165557092e-01 6.971268763e-01
30.461068868 -2.469592133e+02 1.197547197e+00 -9.606519699e+00 1.196195704e-03 2.630317954e-02 7.620947574e-01 6.469298978e-01
30.668833971 -2.466329346e+02 1.214661717e+00 -1.052267265e+01 -8.750173817e-04 2.896536514e-02 8.040659076e-01 5.938335274e-01
30.876718998 -2.461957092e+02 1.231818795e+00 -1.142526722e+01 -6.935375108e-04 2.971856602e-02 8.412296016e-01 5.398602442e-01
31.084822893 -2.456110382e+02 1.252867341e+00 -1.232818127e+01 -3.606085701e-04 2.903245874e-02 8.730227657e-01 4.868143761e-01
31.293160915 -2.448919678e+02 1.275107980e+00 -1.321994877e+01 -9.667091196e-04 2.806291372e-02 8.983525113e-01 4.383768970e-01
31.501600027 -2.440207520e+02 1.307382345e+00 -1.414190388e+01 -1.586883157e-03 3.242940946e-02 9.191910047e-01 3.924712883e-01
31.814172029 -2.424252167e+02 1.343523264e+00 -1.545073605e+01 -1.782632291e-03 3.497133516e-02 9.452524896e-01 3.244557887e-01
32.022585869 -2.411647797e+02 1.369377255e+00 -1.626733780e+01 1.960886196e-03 3.170593550e-02 9.595011583e-01 2.799078701e-01
32.230999946 -2.397497559e+02 1.373128891e+00 -1.701770592e+01 3.577897054e-03 2.888274240e-02 9.705793988e-01 2.390159334e-01
32.543548822 -2.373463440e+02 1.376703262e+00 -1.800432968e+01 3.787197142e-03 2.713951978e-02 9.835214466e-01 1.787027356e-01
32.855999946 -2.346470947e+02 1.364433765e+00 -1.877627945e+01 1.589751042e-03 3.018931031e-02 9.925873460e-01 1.177133760e-01
33.064295053 -2.327251740e+02 1.366727829e+00 -1.913614845e+01 2.319142196e-03 3.017439592e-02 9.962240862e-01 8.137381313e-02
33.376827001 -2.295834808e+02 1.340945005e+00 -1.944938850e+01 3.612907436e-03 2.778430307e-02 9.991049308e-01 3.169095535e-02
33.689363956 -2.262221527e+02 1.305461526e+00 -1.950313950e+01 -3.249125390e-03 -2.564877664e-02 -9.996185926e-01 9.708382230e-03
34.002058983 -2.226752319e+02 1.255846977e+00 -1.930133820e+01 -3.448254698e-03 -2.138128211e-02 -9.989198530e-01 4.111055363e-02
34.314893961 -2.190036621e+02 1.207507253e+00 -1.890735054e+01 -2.769651770e-03 -1.439751363e-02 -9.984365526e-01 5.393969895e-02
34.627715826 -2.151928864e+02 1.158023119e+00 -1.850472069e+01 -3.539835027e-03 -1.155906029e-02 -9.985331990e-01 5.277601871e-02
34.940254927 -2.112207794e+02 1.097807527e+00 -1.811696434e+01 -1.937604209e-03 -1.037789888e-02 -9.988476628e-01 4.681764027e-02
35.252588034 -2.072208252e+02 1.039485335e+00 -1.775537109e+01 1.984222050e-04 -1.014199114e-02 -9.991991485e-01 3.870610206e-02
35.668741941 -2.018348389e+02 9.662874341e-01 -1.741776466e+01 3.521881506e-04 -7.958216532e-03 -9.996062078e-01 2.690672996e-02
35.980625868 -1.977760468e+02 9.213174582e-01 -1.719984055e+01 1.782027132e-03 -9.030090960e-03 -9.997403878e-01 2.084319479e-02
36.396152019 -1.923403015e+02 8.536686897e-01 -1.695385742e+01 -2.576401005e-04 -8.682275515e-03 -9.998252308e-01 1.655474447e-02
36.811393022 -1.869093170e+02 8.022161126e-01 -1.676408195e+01 1.260905585e-03 -1.016699816e-02 -9.998432565e-01 1.443969001e-02
37.018918037 -1.841267395e+02 7.656303048e-01 -1.666655731e+01 -1.908789206e-05 -1.170884048e-02 -9.998112073e-01 1.550653069e-02
37.330241918 -1.799581604e+02 7.103996873e-01 -1.651237869e+01 2.274423218e-03 -1.265992556e-02 -9.997693885e-01 1.719660256e-02
37.537791967 -1.771656647e+02 6.892411709e-01 -1.639438438e+01 2.767684066e-03 -1.124223390e-02 -9.997706525e-01 1.801650773e-02
37.849117040 -1.729517365e+02 6.524023414e-01 -1.621739578e+01 9.763652902e-04 -1.013039244e-02 -9.997736134e-01 1.868539000e-02
38.056617975 -1.701185150e+02 6.200236678e-01 -1.610374832e+01 1.640847073e-03 -1.057382607e-02 -9.997628647e-01 1.896618628e-02
38.264144897 -1.672817383e+02 5.990181565e-01 -1.598404598e+01 2.545164022e-03 -1.015140142e-02 -9.997650168e-01 1.898373821e-02
38.471596956 -1.644196625e+02 5.708715320e-01 -1.586479664e+01 2.299202191e-03 -1.042431896e-02 -9.997619809e-01 1.902705338e-02
38.782778025 -1.600832825e+02 5.420809388e-01 -1.568181896e+01 3.162469575e-03 -1.155925439e-02 -9.997427394e-01 1.925713789e-02
38.990229845 -1.571834869e+02 5.159187913e-01 -1.555142021e+01 2.072169606e-03 -1.133339442e-02 -9.997437000e-01 1.948831896e-02
39.301410913 -1.528079834e+02 4.779869020e-01 -1.535573769e+01 2.059407804e-03 -1.105837465e-02 -9.997425553e-01 1.970518725e-02
39.508889913 -1.499181824e+02 4.563170671e-01 -1.524244213e+01 3.225810019e-03 -1.045567626e-02 -9.997587072e-01 1.904731688e-02
39.820143938 -1.455036316e+02 4.125280976e-01 -1.505447292e+01 3.785861300e-03 -1.092172144e-02 -9.997500239e-01 1.913825778e-02
40.027690887 -1.425518341e+02 3.875856400e-01 -1.491498089e+01 5.458501412e-03 -1.041933484e-02 -9.997545743e-01 1.877321059e-02
40.339112997 -1.382014618e+02 3.861710131e-01 -1.473722363e+01 5.843799441e-03 -9.785780272e-03 -9.997872256e-01 1.719279087e-02
40.546685934 -1.352792358e+02 3.671106100e-01 -1.463277817e+01 4.896442414e-03 -1.018425059e-02 -9.997971001e-01 1.667526647e-02
40.754187822 -1.323815460e+02 3.525533676e-01 -1.451724529e+01 5.138465086e-03 -1.008959572e-02 -9.998095414e-01 1.589582107e-02
41.065510034 -1.280549316e+02 3.350830674e-01 -1.436313152e+01 6.672603543e-03 -1.003710467e-02 -9.998140609e-01 1.505245944e-02
41.273061037 -1.252074509e+02 3.196327090e-01 -1.427427673e+01 5.982660393e-03 -9.732072182e-03 -9.998497010e-01 1.304108567e-02
41.584311008 -1.209916840e+02 3.177739084e-01 -1.417898178e+01 7.383790750e-03 -1.115623296e-02 -9.998641525e-01 9.627800837e-03
41.791813850 -1.182270508e+02 3.243556917e-01 -1.412650204e+01 7.955703156e-03 -1.167248298e-02 -9.998714893e-01 7.580557132e-03
42.103020906 -1.141845474e+02 3.012848794e-01 -1.404941845e+01 9.160609507e-03 -1.185427116e-02 -9.998774502e-01 4.543582226e-03
42.310497045 -1.115834503e+02 2.914763391e-01 -1.402366066e+01 1.027704378e-02 -1.175128035e-02 -9.998729193e-01 3.230320645e-03
42.621649027 -1.078721542e+02 2.977294922e-01 -1.398596001e+01 9.735949414e-03 -1.146923887e-02 -9.998830208e-01 2.759095205e-03
42.829030037 -1.055255661e+02 2.827470601e-01 -1.395788383e+01 9.787915917e-03 -1.175292416e-02 -9.998786112e-01 2.971240558e-03
43.140213966 -1.022019043e+02 2.818137705e-01 -1.391361809e+01 1.149808163e-02 -1.175960163e-02 -9.998584393e-01 3.550673238e-03
43.451536894 -9.910655975e+01 2.774701416e-01 -1.387295341e+01 1.051171801e-02 -1.166537774e-02 -9.998681573e-01 4.134096859e-03
43.762956858 -9.625611115e+01 2.723099589e-01 -1.383200645e+01 1.104808531e-02 -1.132843582e-02 -9.998634402e-01 4.765227291e-03
44.074424982 -9.360639954e+01 2.678702474e-01 -1.379894543e+01 1.160164593e-02 -1.110114246e-02 -9.998564472e-01 5.408458717e-03
44.386039972 -9.109307098e+01 2.685145140e-01 -1.375796700e+01 9.277490124e-03 -1.321362387e-02 -9.998517431e-01 5.984995466e-03
44.593827963 -8.951449585e+01 2.663699090e-01 -1.373295498e+01 8.944304359e-03 -1.299354369e-02 -9.998570701e-01 6.083311140e-03
44.905704975 -8.743071747e+01 4.226334095e-01 -1.691808319e+01 -8.576491477e-03 1.421537187e-02 9.998369963e-01 7.095617540e-03
45.113662958 -8.596291351e+01 3.553488553e-01 -1.695866203e+01 -8.202373630e-03 1.479016792e-02 9.998260607e-01 7.862590105e-03
45.425633907 -8.380387115e+01 3.486695588e-01 -1.700317192e+01 -6.618162092e-03 1.651170385e-02 9.998037508e-01 8.719146183e-03
45.633641004 -8.239096069e+01 3.327526748e-01 -1.703754616e+01 -4.557593673e-03 1.734238621e-02 9.997979556e-01 9.083941223e-03
45.945732832 -8.030484772e+01 3.373498321e-01 -1.706991959e+01 -2.615975151e-03 1.616988447e-02 9.998153183e-01 1.005090976e-02
46.153763056 -7.891355896e+01 2.842371464e-01 -1.709920311e+01 -4.395351649e-03 1.647011707e-02 9.998019171e-01 1.027339375e-02
46.465807915 -7.687094879e+01 3.014633656e-01 -1.763319397e+01 1.744811899e-03 1.340326896e-02 9.998248148e-01 1.294788644e-02
46.777874946 -7.468289185e+01 2.565253675e-01 -1.772199249e+01 1.273428994e-03 7.940222192e-03 9.998970397e-01 1.188449739e-02
46.985882044 -7.318714142e+01 2.427600622e-01 -1.775512314e+01 -6.764822450e-04 6.999971539e-03 9.999228023e-01 1.024364128e-02
47.297874927 -7.085255432e+01 2.150905430e-01 -1.778103447e+01 3.320146872e-05 5.441411097e-03 9.999715716e-01 5.219765568e-03
47.609870910 -6.837294006e+01 2.200254798e-01 -1.778546524e+01 5.083240631e-03 -5.581874737e-03 -9.999714906e-01 1.459806176e-04
47.921963930 -6.575698853e+01 2.220479101e-01 -1.777097130e+01 3.913077098e-03 -7.767296521e-03 -9.999429965e-01 6.193604872e-03
48.129993915 -6.392919922e+01 2.260574847e-01 -1.772747040e+01 3.593281386e-03 -9.231223923e-03 -9.999008446e-01 1.000869011e-02
48.338026047 -6.202439499e+01 2.311158627e-01 -1.767241478e+01 5.507717871e-03 -1.077025730e-02 -9.998269247e-01 1.413461292e-02
48.649997949 -5.905486298e+01 2.363355458e-01 -1.757066536e+01 3.450945584e-03 -1.358705653e-02 -9.996847466e-01 2.083003519e-02
48.961992979 -5.594465637e+01 2.329295576e-01 -1.740938568e+01 2.374575465e-03 -1.408466900e-02 -9.995780620e-01 2.529192413e-02
49.274060964 -5.267759705e+01 2.111916393e-01 -1.724271393e+01 -1.325022341e-03 -1.409496911e-02 -9.995718241e-01 2.560751014e-02
49.690213919 -4.803478241e+01 2.032188028e-01 -1.700253868e+01 3.419444028e-03 -1.476262869e-02 -9.995769293e-01 2.482608722e-02
50.002233982 -4.441771698e+01 1.984351575e-01 -1.681703186e+01 2.536030688e-03 -1.394786368e-02 -9.996139644e-01 2.389451448e-02
50.210216999 -4.189223862e+01 1.915916353e-01 -1.670583153e+01 3.379881313e-03 -1.385900291e-02 -9.996262699e-01 2.332005524e-02
50.522188902 -3.803326416e+01 2.011821419e-01 -1.651877403e+01 4.228138266e-03 -1.295782453e-02 -9.996963956e-01 2.052642731e-02
50.834162950 -3.406753540e+01 1.903639585e-01 -1.636279869e+01 -2.188689979e-03 -1.188793823e-02 -9.997876560e-01 1.668920048e-02
51.146110058 -2.989271545e+01 1.774108708e-01 -1.623150444e+01 4.725621473e-03 -1.206766584e-02 -9.998348877e-01 1.273723840e-02
51.457941055 -2.562358665e+01 1.900695562e-01 -1.612696266e+01 3.847302085e-03 -1.152591217e-02 -9.998792997e-01 9.681824829e-03
51.665774822 -2.267126465e+01 1.842434704e-01 -1.607445908e+01 4.616661261e-03 -1.197013181e-02 -9.998850898e-01 8.075243739e-03
51.977460861 -1.824723625e+01 1.934352070e-01 -1.599513054e+01 8.994816147e-03 -1.080187774e-02 -9.998891622e-01 4.906742347e-03
52.185202837 -1.532258701e+01 2.055532932e-01 -1.596999550e+01 9.376844064e-03 -1.139015808e-02 -9.998860727e-01 3.190722599e-03
52.392896890 -1.239365768e+01 2.129392773e-01 -1.594185638e+01 9.206478720e-03 -1.147915220e-02 -9.998892917e-01 2.207733787e-03
52.600565910 -9.449922562e+00 2.330571413e-01 -1.592195892e+01 9.565318550e-03 -1.164406120e-02 -9.998851979e-01 1.584794840e-03
52.911984920 -5.047477722e+00 2.456123233e-01 -1.589608860e+01 1.077258635e-02 -1.142448455e-02 -9.998761556e-01 1.051668919e-03
53.119559049 -2.120851755e+00 2.688486874e-01 -1.588216686e+01 1.226025088e-02 -1.173328974e-02 -9.998549466e-01 1.449780445e-03
53.327127933 7.774559855e-01 2.804538310e-01 -1.585859871e+01 9.443444276e-03 -1.089360223e-02 -9.998934740e-01 2.278457583e-03
53.534780025 3.732014656e+00 2.971301973e-01 -1.583072376e+01 9.376408270e-03 -1.043238306e-02 -9.998952640e-01 3.565021961e-03
53.742377043 6.663342953e+00 3.110394776e-01 -1.579536819e+01 1.241566719e-02 -1.035642123e-02 -9.998590752e-01 4.519445957e-03
53.949972868 9.553057671e+00 3.273403645e-01 -1.575593281e+01 1.116463430e-02 -9.526488481e-03 -9.998805552e-01 4.844824000e-03
54.157569885 1.242867374e+01 3.473824263e-01 -1.571884537e+01 9.287308571e-03 -9.648395474e-03 -9.999000800e-01 4.525968717e-03
54.365169048 1.530541325e+01 3.596042693e-01 -1.568689632e+01 1.146205745e-02 -1.013476750e-02 -9.998744825e-01 4.114248711e-03
54.572789907 1.816988564e+01 3.765228987e-01 -1.565042686e+01 1.077339941e-02 -8.526651429e-03 -9.998989695e-01 3.644300733e-03
54.780339002 2.103763962e+01 3.905226886e-01 -1.561336803e+01 9.829951959e-03 -8.227391158e-03 -9.999121843e-01 3.362405720e-03
54.987890005 2.388057137e+01 4.012805521e-01 -1.558992290e+01 1.024187463e-02 -9.724076733e-03 -9.998952394e-01 3.171212447e-03
55.195440054 2.670808411e+01 4.028564990e-01 -1.555983353e+01 1.029135182e-02 -1.031811252e-02 -9.998888532e-01 3.147347756e-03
55.402961969 2.951618385e+01 4.207990468e-01 -1.552791691e+01 1.047013780e-02 -8.691881504e-03 -9.999035383e-01 2.782354908e-03
55.610487938 3.230927658e+01 4.381802380e-01 -1.549442291e+01 1.094085337e-02 -7.872793943e-03 -9.999056073e-01 2.663322869e-03
55.818040848 3.508875656e+01 4.513168633e-01 -1.547059536e+01 1.162309683e-02 -8.875159849e-03 -9.998900361e-01 2.459845314e-03
56.025539875 3.786286163e+01 4.656128585e-01 -1.544523239e+01 1.133328811e-02 -9.118265196e-03 -9.998914299e-01 2.354209439e-03
56.233067036 4.060224533e+01 4.762797654e-01 -1.540797138e+01 8.386696861e-03 -6.300773093e-03 -9.999424777e-01 2.237162091e-03
56.440590858 4.336385727e+01 5.031733513e-01 -1.537176800e+01 1.010987519e-02 -3.923650937e-03 -9.999379885e-01 2.532684389e-03
56.648114920 4.611471176e+01 5.296514630e-01 -1.535584545e+01 1.209098897e-02 -6.306306011e-03 -9.999030882e-01 2.802265937e-03
56.855640888 4.884066391e+01 5.517530441e-01 -1.533732700e+01 1.321115219e-02 -1.004433249e-02 -9.998573453e-01 3.140987118e-03
57.063230991 5.155571365e+01 5.752159357e-01 -1.531280804e+01 1.133354722e-02 -1.053611950e-02 -9.998753778e-01 3.125674704e-03
57.270814895 5.429208755e+01 6.049438119e-01 -1.526964855e+01 1.094799814e-02 -8.920607502e-03 -9.998956347e-01 3.046939323e-03
57.478410005 5.704256439e+01 6.289634705e-01 -1.523571968e+01 1.013475901e-02 -8.566782489e-03 -9.999076449e-01 2.932340614e-03
57.686033964 5.981782532e+01 6.466617584e-01 -1.520609379e+01 1.004939762e-02 -8.128486086e-03 -9.999118462e-01 3.039266285e-03
57.893631935 6.259148026e+01 6.640985608e-01 -1.516464996e+01 1.020713961e-02 -6.670326207e-03 -9.999215110e-01 2.879752449e-03
58.101203918 6.538405609e+01 7.005687952e-01 -1.512966156e+01 1.142428981e-02 -5.548355580e-03 -9.999156548e-01 2.717452205e-03
58.308801889 6.819929504e+01 7.210230231e-01 -1.509740925e+01 9.836046007e-03 -4.087002345e-03 -9.999395651e-01 2.723002282e-03
58.516374826 7.103732300e+01 7.414221764e-01 -1.506686020e+01 9.546055380e-03 -3.751397592e-03 -9.999426617e-01 3.077839695e-03
58.723973036 7.385577393e+01 7.553978562e-01 -1.503816032e+01 7.469025318e-03 -2.680864076e-03 -9.999630680e-01 3.299877896e-03
58.931545019 7.671539307e+01 7.618866563e-01 -1.500655460e+01 8.403556814e-03 -3.782338840e-03 -9.999505048e-01 3.749941495e-03
59.139118910 7.956699371e+01 7.740207911e-01 -1.497447014e+01 8.287155427e-03 -4.543368330e-03 -9.999459869e-01 4.324827319e-03
59.346668005 8.242269897e+01 7.784203887e-01 -1.493051434e+01 8.085977282e-03 -3.323972228e-03 -9.999512884e-01 4.581386609e-03
59.554193973 8.528417206e+01 8.005694747e-01 -1.489786911e+01 1.017810237e-02 -4.500777553e-03 -9.999246056e-01 5.189630680e-03
59.761767864 8.814431000e+01 8.120901585e-01 -1.485821533e+01 9.999935925e-03 -6.358708422e-03 -9.999112364e-01 6.089951550e-03
59.969364881 9.100109100e+01 8.293628097e-01 -1.481660652e+01 1.088627322e-02 -8.140850770e-03 -9.998861513e-01 6.549805827e-03
60.176916838 9.385414886e+01 8.445861340e-01 -1.476814938e+01 1.184464769e-02 -9.588135172e-03 -9.998596429e-01 6.961787184e-03
60.384513855 9.667279053e+01 8.671128750e-01 -1.472141171e+01 1.127434528e-02 -1.232404410e-02 -9.998349509e-01 7.146896276e-03
60.592012882 9.949568939e+01 8.822310567e-01 -1.467643261e+01 8.397690257e-03 -1.336078223e-02 -9.998471054e-01 7.532211470e-03
60.799587965 1.023204956e+02 8.931995034e-01 -1.462057877e+01 9.928040883e-03 -1.360743084e-02 -9.998284847e-01 7.698903206e-03
61.007161856 1.051449127e+02 9.060962796e-01 -1.456055164e+01 9.850393143e-03 -1.319671023e-02 -9.998342182e-01 7.768706419e-03
61.214687824 1.079518890e+02 9.172978401e-01 -1.450770760e+01 9.722068513e-03 -1.330143699e-02 -9.998356350e-01 7.566782571e-03
61.422307014 1.107607346e+02 9.335865378e-01 -1.445271015e+01 9.501565206e-03 -1.269031555e-02 -9.998517374e-01 6.721561509e-03
61.629930973 1.135670547e+02 9.460496306e-01 -1.440728855e+01 9.342964842e-03 -1.340674272e-02 -9.998483323e-01 6.023335735e-03
61.837553978 1.163768005e+02 9.575790167e-01 -1.436754894e+01 9.473285123e-03 -1.320006301e-02 -9.998532492e-01 5.430953935e-03
62.045173883 1.191848984e+02 9.715592265e-01 -1.432187939e+01 9.901019377e-03 -1.242331907e-02 -9.998626958e-01 4.713862073e-03
62.252816915 1.219930801e+02 9.870966077e-01 -1.428633881e+01 1.016058449e-02 -1.225085217e-02 -9.998639209e-01 4.338057214e-03
62.460438967 1.247736893e+02 9.989358783e-01 -1.425288296e+01 9.091790356e-03 -1.284438206e-02 -9.998662561e-01 4.453209630e-03
62.668036938 1.275604477e+02 1.008423328e+00 -1.421515942e+01 9.022431117e-03 -1.289279783e-02 -9.998641231e-01 4.909867348e-03
62.875635862 1.303233643e+02 1.022282481e+00 -1.417825890e+01 1.097823754e-02 -1.423154524e-02 -9.998211040e-01 5.890796698e-03
63.083231926 1.330671234e+02 1.026478410e+00 -1.413509369e+01 9.975298480e-03 -1.497026398e-02 -9.998152068e-01 6.777675004e-03
63.290854931 1.358016205e+02 1.034554362e+00 -1.407766438e+01 8.842381653e-03 -1.283302070e-02 -9.998529989e-01 7.148872114e-03
63.498476028 1.385253143e+02 1.055953503e+00 -1.402744675e+01 1.217422430e-02 -1.330469575e-02 -9.998115363e-01 7.187849120e-03
63.706099987 1.412210999e+02 1.069416881e+00 -1.397615051e+01 1.201001235e-02 -1.381646605e-02 -9.998076105e-01 7.043215155e-03
63.913720846 1.439137726e+02 1.086524129e+00 -1.392327213e+01 1.062592796e-02 -1.289892757e-02 -9.998403601e-01 6.321522894e-03
64.121315956 1.465758667e+02 1.110252500e+00 -1.387995720e+01 1.165063283e-02 -1.219771574e-02 -9.998421582e-01 5.580065341e-03
64.328866958 1.492344360e+02 1.122647762e+00 -1.384369850e+01 1.102108353e-02 -1.218612614e-02 -9.998530228e-01 4.895590841e-03
64.536416054 1.518823395e+02 1.143449306e+00 -1.380668640e+01 1.196707851e-02 -1.205039170e-02 -9.998467071e-01 4.259042674e-03
64.743964910 1.545090942e+02 1.167004943e+00 -1.377801895e+01 1.202639060e-02 -1.205741496e-02 -9.998489790e-01 3.464657406e-03
64.951514006 1.571213837e+02 1.188020945e+00 -1.374804783e+01 1.219353158e-02 -1.195577662e-02 -9.998500994e-01 2.855862363e-03
65.159085989 1.597234497e+02 1.206483722e+00 -1.372257328e+01 1.218089390e-02 -1.193392562e-02 -9.998521130e-01 2.226951620e-03
65.366718054 1.623023987e+02 1.225992918e+00 -1.370192051e+01 1.100438256e-02 -1.200828835e-02 -9.998659276e-01 1.682676836e-03
65.574282884 1.648761902e+02 1.248347759e+00 -1.368345261e+01 1.226525325e-02 -1.211217422e-02 -9.998501662e-01 1.582388377e-03
65.781879902 1.674363098e+02 1.269366384e+00 -1.366383457e+01 1.187050168e-02 -1.218165026e-02 -9.998537541e-01 1.780179940e-03
65.989477873 1.699645996e+02 1.290853143e+00 -1.364458561e+01 1.215695081e-02 -1.291830822e-02 -9.998404426e-01 2.101230533e-03
66.197101831 1.724940643e+02 1.313612938e+00 -1.362265301e+01 1.318627956e-02 -1.294822300e-02 -9.998262385e-01 2.440958932e-03
66.404719829 1.749817810e+02 1.336225152e+00 -1.359729099e+01 1.322709362e-02 -1.299396466e-02 -9.998249431e-01 2.506805999e-03
66.612365961 1.774239960e+02 1.353934407e+00 -1.357371044e+01 1.303986085e-02 -1.262033274e-02 -9.998329176e-01 2.196841169e-03
66.820010900 1.798469086e+02 1.375665903e+00 -1.355530071e+01 1.375035440e-02 -1.162672396e-02 -9.998372482e-01 1.106384148e-03
67.027659893 1.822325745e+02 1.403380752e+00 -1.353705502e+01 -1.391378868e-02 1.093076071e-02 9.998434331e-01 1.848434000e-04
67.235302925 1.845791626e+02 1.420266271e+00 -1.353098774e+01 -1.288698620e-02 1.081492600e-02 9.998578267e-01 1.135508598e-03
67.442972898 1.868846130e+02 1.439489007e+00 -1.352935219e+01 -1.456759279e-02 1.123812790e-02 9.998301891e-01 1.040494974e-03
67.650641918 1.890964966e+02 1.457969666e+00 -1.352161407e+01 -1.503781622e-02 1.332511904e-02 9.997975243e-01 1.102565213e-03
67.858361006 1.912490997e+02 1.485543251e+00 -1.351908970e+01 -1.660557624e-02 1.266222620e-02 9.997809438e-01 1.409706011e-03
68.066149950 1.932867584e+02 1.514902234e+00 -1.351812267e+01 -1.674558352e-02 1.229944671e-02 9.997801722e-01 2.813593314e-03
68.273962974 1.952204437e+02 1.538351297e+00 -1.352828026e+01 -1.678116101e-02 1.211569224e-02 9.997765430e-01 4.297300766e-03
68.481799841 1.970559235e+02 1.559878349e+00 -1.354241562e+01 -1.705498516e-02 1.303350009e-02 9.997588524e-01 4.635990432e-03
68.689517975 1.987856750e+02 1.578929424e+00 -1.354504299e+01 -1.634376691e-02 1.546578443e-02 9.997462584e-01 1.053411853e-03
68.896970987 2.004314117e+02 1.593806028e+00 -1.351299381e+01 1.571518012e-02 -1.934419454e-02 -9.996111626e-01 1.250435354e-02
69.104259014 2.019394379e+02 1.606378555e+00 -1.339383698e+01 1.723503954e-02 -2.029867098e-02 -9.990193393e-01 3.537339367e-02
69.311590910 2.033383636e+02 1.618940473e+00 -1.320050049e+01 1.984289087e-02 -1.996325308e-02 -9.974321848e-01 6.585411904e-02
69.518875837 2.046019745e+02 1.622123480e+00 -1.292282581e+01 1.773271047e-02 -2.141299785e-02 -9.943661714e-01 1.022885707e-01
69.726137876 2.057418823e+02 1.635365367e+00 -1.256039429e+01 1.565456930e-02 -2.219629273e-02 -9.885926255e-01 1.481447939e-01
69.933399916 2.067723541e+02 1.632647872e+00 -1.209974384e+01 1.525234209e-02 -2.367527903e-02 -9.790892837e-01 2.014721365e-01
70.140780926 2.076975250e+02 1.633454442e+00 -1.153019524e+01 1.430832734e-02 -2.407584617e-02 -9.644701318e-01 2.627032361e-01
70.348212004 2.085232544e+02 1.620468259e+00 -1.085000134e+01 1.410546538e-02 -2.434207074e-02 -9.453239449e-01 3.249171259e-01
70.555615902 2.092295074e+02 1.611382365e+00 -1.008448792e+01 1.424720553e-02 -2.400065763e-02 -9.206043627e-01 3.894978729e-01
70.763164997 2.097936554e+02 1.590567827e+00 -9.256897926e+00 1.466851223e-02 -2.133153186e-02 -8.903591927e-01 4.545220659e-01
70.970834970 2.102250366e+02 1.574008226e+00 -8.376521111e+00 1.325169469e-02 -1.793694327e-02 -8.545128414e-01 5.189513104e-01
71.178597927 2.105191498e+02 1.565070152e+00 -7.460794449e+00 1.234236321e-02 -1.897398646e-02 -8.165452253e-01 5.768375411e-01
71.386461973 2.106716614e+02 1.526711106e+00 -6.518156052e+00 9.882901457e-03 -1.931028318e-02 -7.741283313e-01 6.326569117e-01
71.594396829 2.106890717e+02 1.527217984e+00 -5.555900574e+00 1.086691388e-02 -1.565172741e-02 -7.280917604e-01 6.852148000e-01
71.802379846 2.105784302e+02 1.502980232e+00 -4.559095860e+00 1.746862544e-02 -9.488511049e-03 -6.771788594e-01 7.355498676e-01
72.010309934 2.103099213e+02 1.485970259e+00 -3.566257477e+00 2.137429350e-02 -1.934748373e-03 -6.221050466e-01 7.826395769e-01
72.218196869 2.099021454e+02 1.502442241e+00 -2.610951424e+00 2.326815826e-02 -9.052065457e-05 -5.628430078e-01 8.262362454e-01
72.426128864 2.093370972e+02 1.522698164e+00 -1.681051731e+00 2.688344697e-02 2.182188816e-03 -5.005850763e-01 8.652670684e-01
72.634135008 2.086267090e+02 1.524032712e+00 -8.162450790e-01 2.850210180e-02 4.372359987e-03 -4.365522224e-01 8.992166979e-01
72.842187881 2.077888184e+02 1.556284308e+00 -2.446394414e-02 2.781206056e-02 1.806075960e-03 -3.734892305e-01 9.272157365e-01
73.154377937 2.062469482e+02 1.556821704e+00 1.038291454e+00 2.846802581e-02 -1.059836744e-03 -2.807554722e-01 9.593564578e-01
73.362503052 2.050373993e+02 1.559508681e+00 1.602833152e+00 2.867182089e-02 -2.078567810e-04 -2.170432217e-01 9.757408075e-01
73.570679903 2.037352448e+02 1.550451517e+00 2.032473803e+00 2.787345866e-02 5.038484578e-04 -1.527374240e-01 9.878735221e-01
73.883487940 2.015991058e+02 1.547605395e+00 2.443888903e+00 2.032253325e-02 -1.278365114e-03 -8.207017727e-02 9.964185097e-01
74.196564913 1.991954651e+02 1.535713911e+00 2.655128002e+00 1.921163118e-02 -6.990075038e-04 -2.942780984e-02 9.993820234e-01
74.405339002 1.974848633e+02 1.517270207e+00 2.682451963e+00 1.548223823e-02 -1.113624847e-03 -4.105874871e-03 9.998710927e-01
74.614305019 1.956997070e+02 1.506951809e+00 2.654225826e+00 1.057104120e-02 -2.640057343e-03 9.686741661e-03 9.998937195e-01
74.927716017 1.928385620e+02 1.481780648e+00 2.569546938e+00 8.268484323e-03 -1.897791943e-03 1.348361267e-02 9.998731033e-01
75.344852924 1.887115784e+02 1.448337555e+00 2.415811062e+00 9.450356000e-03 -1.108495715e-03 1.680944502e-02 9.998134349e-01
75.657353878 1.854412384e+02 1.427729607e+00 2.274739742e+00 1.047508940e-02 1.104033276e-04 1.979599502e-02 9.997491580e-01
75.969665050 1.820213623e+02 1.408861518e+00 2.124398470e+00 1.077769917e-02 -5.724494219e-04 2.145640767e-02 9.997115264e-01
76.281757831 1.784761963e+02 1.378246903e+00 1.967493057e+00 1.032826531e-02 -9.018304335e-04 2.124304165e-02 9.997205844e-01
76.593776941 1.747677917e+02 1.340584040e+00 1.822353959e+00 1.017532631e-02 -3.116308301e-03 1.907986416e-02 9.997613266e-01
76.905539989 1.709080658e+02 1.290512681e+00 1.676397324e+00 1.132016146e-02 -4.383937816e-03 1.758620640e-02 9.997716541e-01
77.320992946 1.656180878e+02 1.191504836e+00 1.475298405e+00 1.173144632e-02 -5.912144187e-03 2.114829959e-02 9.996900365e-01
77.632532835 1.614805450e+02 1.125117779e+00 1.251225829e+00 1.195059396e-02 -5.428391795e-03 2.371205150e-02 9.996326598e-01
78.047971964 1.557469635e+02 1.009021878e+00 9.505729675e-01 1.124382022e-02 -5.841363516e-03 2.549428103e-02 9.995946662e-01
78.463403940 1.497766266e+02 9.182898998e-01 6.160888672e-01 1.037597591e-02 6.200454309e-04 2.526532406e-02 9.996267394e-01
78.671023846 1.467531891e+02 9.054770470e-01 4.493583739e-01 1.034720189e-02 5.326601148e-03 2.529417806e-02 9.996123085e-01
78.982396841 1.422406158e+02 8.959553242e-01 1.947651356e-01 1.019698441e-02 6.184257250e-03 2.543025269e-02 9.996054615e-01
79.293864012 1.377215881e+02 8.771466613e-01 -4.311913997e-02 1.053826267e-02 5.994051673e-03 2.446097108e-02 9.996272692e-01
79.501487970 1.347227173e+02 8.676221371e-01 -1.962563992e-01 1.155440853e-02 5.674207226e-03 2.385667187e-02 9.996325116e-01
79.812811851 1.302082825e+02 8.490902781e-01 -4.207466245e-01 1.208754752e-02 7.341934297e-03 2.313797916e-02 9.996322429e-01
80.020310879 1.272262115e+02 8.468923569e-01 -5.666967034e-01 1.305520299e-02 8.055340548e-03 2.310695836e-02 9.996152968e-01
80.227864027 1.242444992e+02 8.281086683e-01 -7.277271748e-01 1.105559984e-02 5.183247252e-03 2.369091352e-02 9.996447610e-01
80.539258003 1.197885971e+02 8.192453980e-01 -9.616596103e-01 1.142414301e-02 5.278434496e-03 2.433066116e-02 9.996247526e-01
80.850651979 1.153405685e+02 7.973096967e-01 -1.198130965e+00 1.276159737e-02 6.413268714e-03 2.582592119e-02 9.995644218e-01
81.058203935 1.124046478e+02 7.780480981e-01 -1.362385988e+00 1.277281334e-02 4.901651418e-03 2.695592633e-02 9.995429991e-01
81.265799999 1.094900208e+02 7.679454088e-01 -1.536386013e+00 1.345008972e-02 7.371747302e-03 2.818548482e-02 9.994850328e-01
81.473374843 1.065681152e+02 7.584064007e-01 -1.718283534e+00 1.258290115e-02 6.772815869e-03 2.892256645e-02 9.994795069e-01
81.784770965 1.022045746e+02 7.460368872e-01 -1.993757725e+00 1.188500920e-02 6.529020475e-03 2.905734321e-02 9.994857624e-01
81.992393970 9.929832458e+01 7.399597764e-01 -2.171089649e+00 1.258446015e-02 6.673788347e-03 2.872825316e-02 9.994857575e-01
82.200037956 9.641096497e+01 7.307639718e-01 -2.351461649e+00 1.351051559e-02 7.424031998e-03 2.819718566e-02 9.994835008e-01
82.511626959 9.211056519e+01 7.161797285e-01 -2.603400469e+00 1.330351665e-02 6.472265285e-03 2.690023896e-02 9.995286406e-01
82.719413996 8.922429657e+01 7.090548277e-01 -2.778218508e+00 1.183626006e-02 7.103783256e-03 2.617144159e-02 9.995621516e-01
82.927206993 8.636768341e+01 7.087129951e-01 -2.939596653e+00 1.153692476e-02 8.168767562e-03 2.519217422e-02 9.995826754e-01
83.134994030 8.353399658e+01 7.048440576e-01 -3.087867737e+00 1.187700633e-02 6.534061731e-03 2.392439478e-02 9.996218616e-01
83.342783928 8.069611359e+01 7.053604722e-01 -3.231857300e+00 1.174721282e-02 7.678289889e-03 2.263408875e-02 9.996453095e-01
83.654397011 7.646738434e+01 6.802270412e-01 -3.435534000e+00 1.063209352e-02 2.067897778e-03 2.061328391e-02 9.997288507e-01
83.862066984 7.366424561e+01 6.453547478e-01 -3.570518732e+00 1.054243820e-02 1.614981985e-03 1.982968540e-02 9.997464841e-01
84.069711923 7.087784576e+01 6.108974814e-01 -3.681452513e+00 1.126749521e-02 3.053930268e-03 1.929072553e-02 9.997457602e-01
84.381155014 6.673200226e+01 5.607318282e-01 -3.857493401e+00 1.242128943e-02 2.375412757e-03 1.956778542e-02 9.997285485e-01
84.588680982 6.397513580e+01 5.286386013e-01 -3.979543209e+00 1.170817181e-02 3.106036865e-03 2.069703201e-02 9.997124107e-01
84.796254873 6.122066498e+01 5.043263435e-01 -4.117497444e+00 1.151120926e-02 3.954857268e-03 2.211113100e-02 9.996814238e-01
85.107653856 5.713255692e+01 4.668762982e-01 -4.309858799e+00 1.222446862e-02 2.440794962e-03 2.288420636e-02 9.996604013e-01
85.315274000 5.440330505e+01 4.402490854e-01 -4.451964378e+00 1.139352759e-02 2.995121727e-03 2.321266922e-02 9.996611370e-01
85.522822857 5.167491531e+01 4.197356701e-01 -4.597029686e+00 1.096721683e-02 3.026857766e-03 2.348921803e-02 9.996593494e-01
85.834099054 4.760085678e+01 3.804253042e-01 -4.810930252e+00 1.096666780e-02 2.992921176e-03 2.385074352e-02 9.996508974e-01
86.041673899 4.490027618e+01 3.543827534e-01 -4.952686310e+00 1.077844853e-02 3.447982986e-03 2.381038448e-02 9.996524406e-01
86.353093862 4.083098602e+01 3.329741061e-01 -5.173583508e+00 1.032742974e-02 3.789013694e-03 2.387474149e-02 9.996544324e-01
86.560667038 3.813718033e+01 3.056504726e-01 -5.316908836e+00 1.021928860e-02 3.763729183e-03 2.381916987e-02 9.996569650e-01
86.872109890 3.407252121e+01 2.841596901e-01 -5.527490139e+00 1.095181814e-02 4.026836578e-03 2.368647158e-02 9.996513359e-01
87.183580875 3.002609062e+01 2.559205294e-01 -5.737134457e+00 1.120250776e-02 4.058601182e-03 2.420412713e-02 9.996360297e-01
87.391177893 2.734526253e+01 2.272427827e-01 -5.874994278e+00 1.062145696e-02 4.450497124e-03 2.464665898e-02 9.996298915e-01
87.702524900 2.334882355e+01 1.960590184e-01 -6.090034008e+00 1.164320923e-02 4.432502618e-03 2.471944235e-02 9.996167955e-01
88.013847828 1.935412788e+01 1.551480442e-01 -6.301440239e+00 1.148255772e-02 4.460581792e-03 2.417820485e-02 9.996317664e-01
88.221350908 1.673546791e+01 1.293742955e-01 -6.428290844e+00 1.184519554e-02 4.828170383e-03 2.370891854e-02 9.996370678e-01
88.636472940 1.149682331e+01 9.073517472e-02 -6.705095768e+00 1.241785339e-02 5.693191443e-03 2.493355387e-02 9.995957695e-01
88.844048977 8.896162987e+00 7.143395394e-02 -6.858544350e+00 1.018023159e-02 7.572314269e-03 2.586025088e-02 9.995850491e-01
89.155441999 5.035065174e+00 7.639965415e-02 -7.078979492e+00 9.550842700e-03 1.188913945e-02 2.723098229e-02 9.995128330e-01
89.466861963 1.217704535e+00 9.524597228e-02 -7.302211285e+00 9.009211517e-03 1.014634607e-02 2.821777474e-02 9.995097013e-01
89.778187990 -2.618068695e+00 1.050825492e-01 -7.553479195e+00 8.119471236e-03 9.718310561e-03 3.016505060e-02 9.994647059e-01
90.089488029 -6.403251171e+00 1.200556457e-01 -7.798275948e+00 7.975994698e-03 1.000337818e-02 3.137641108e-02 9.994257535e-01
90.400811910 -1.010907364e+01 3.121579587e-01 -8.439646959e-01 9.207366568e-03 9.941770229e-03 1.087283926e-02 9.998490721e-01
90.815839052 -1.538260269e+01 9.031523764e-02 -4.912197590e-01 6.596202696e-03 8.636146594e-03 7.997365452e-03 9.999089705e-01
91.542095899 -2.396941948e+01 9.447478503e-02 -6.301174164e-01 5.650907484e-03 9.134748045e-03 3.153271837e-03 9.999373383e-01
91.749693870 -2.624415016e+01 9.791503847e-02 -6.464546919e-01 5.598941002e-03 1.174193381e-02 3.676105167e-04 9.999153183e-01
92.164959907 -3.055742073e+01 8.996575326e-02 -6.365778446e-01 6.813241372e-03 4.666977670e-03 -6.160292804e-03 9.999469235e-01
92.684098005 -3.603515244e+01 4.674848914e-02 -6.064280868e-01 7.389630583e-03 5.321212798e-03 -9.012957279e-03 9.999179190e-01
92.995684862 -3.920676422e+01 4.851106182e-02 -4.977221787e-01 8.435529893e-03 7.434379478e-03 -9.827563317e-03 9.998884892e-01
93.411146879 -4.349098587e+01 3.935359791e-02 -4.741674364e-01 1.219109136e-02 5.688337318e-03 -3.881947332e-03 9.999019705e-01
93.930378914 -4.882863235e+01 2.740105242e-02 -5.508823395e-01 1.099160758e-02 4.856658759e-03 9.450148339e-03 9.998831392e-01
94.241965055 -5.210103607e+01 1.630497910e-02 -6.619666219e-01 8.589536663e-03 6.491400490e-03 1.840841485e-02 9.997725801e-01
94.657954931 -5.648654556e+01 2.615942620e-02 -8.489946127e-01 8.386421619e-04 5.869986180e-03 1.428061870e-02 9.998804448e-01
95.074229956 -6.101913452e+01 2.910499275e-02 -9.322651625e-01 -1.445475584e-03 6.233728018e-03 -1.892082516e-03 9.999777354e-01
95.386345863 -6.450527954e+01 4.981545731e-02 -8.622772098e-01 1.749713460e-05 5.712596678e-03 -1.621501515e-02 9.998522087e-01
95.698269844 -6.808505249e+01 5.305284262e-02 -7.177788615e-01 7.021607092e-04 7.024170340e-03 -2.703897865e-02 9.996094546e-01
96.113942861 -7.296569061e+01 7.721390575e-02 -4.538385570e-01 -2.592380722e-03 8.621893241e-03 -3.508053022e-02 9.993439342e-01
96.425556898 -7.673637390e+01 1.192511842e-01 -1.783857793e-01 2.694209925e-04 6.362658228e-03 -3.569675367e-02 9.993423767e-01
96.944430828 -8.322126770e+01 1.738554686e-01 2.033747733e-01 1.145382137e-02 9.323169787e-03 -2.428113802e-02 9.995960758e-01
97.255728960 -8.723410797e+01 2.133065313e-01 3.639926016e-01 1.294715208e-02 1.022629564e-02 -1.472577833e-02 9.997554429e-01
97.567102909 -9.135084534e+01 2.562705874e-01 4.198207855e-01 1.156250727e-02 9.700379719e-03 -6.576764930e-03 9.998644694e-01
97.982274055 -9.695694733e+01 2.716216445e-01 4.172488451e-01 1.006475155e-02 3.783741916e-03 4.411116474e-04 9.999420931e-01
98.397467851 -1.026727600e+02 2.890074849e-01 3.869854212e-01 8.857796326e-03 6.430032867e-03 3.603019373e-03 9.999336040e-01
98.812567949 -1.084714203e+02 2.996287346e-01 3.115935624e-01 8.329360517e-03 8.750046162e-03 7.310978635e-03 9.999002990e-01
99.227691889 -1.142336960e+02 2.894745767e-01 1.851326227e-01 6.299339247e-03 6.881033117e-03 8.983526662e-03 9.999161295e-01
99.539088964 -1.185411072e+02 3.173116446e-01 1.046272293e-01 5.709383026e-03 9.132524242e-03 8.491357802e-03 9.999059440e-01
99.954288006 -1.242490921e+02 3.353575766e-01 1.816021279e-02 4.894515756e-03 8.515182453e-03 6.369233949e-03 9.999314818e-01
100.473155022 -1.313420715e+02 3.294810951e-01 -8.439424634e-02 7.489391347e-03 1.092101860e-02 3.023396429e-03 9.999077455e-01
100.888208866 -1.369111176e+02 3.754405379e-01 -1.280970126e-01 6.842836292e-03 9.881263937e-03 4.277652017e-04 9.999276740e-01
101.303304911 -1.424123840e+02 4.045443237e-01 -1.200827733e-01 9.081936169e-03 9.668887946e-03 -2.165146447e-06 9.999120116e-01
101.718406916 -1.478898163e+02 4.260462821e-01 -1.556414515e-01 8.698476361e-03 1.075424908e-02 4.137875192e-04 9.999042511e-01
102.029752970 -1.519463348e+02 4.457311630e-01 -1.759916693e-01 8.222194191e-03 1.086025807e-02 4.096297328e-04 9.999071369e-01
102.548576832 -1.586641541e+02 4.925406575e-01 -2.007287294e-01 8.628505137e-03 1.120800689e-02 6.780779254e-04 9.998997298e-01
102.859784841 -1.625953217e+02 5.149999261e-01 -2.355456948e-01 9.316551313e-03 1.273422919e-02 2.143237671e-03 9.998732159e-01
103.171109915 -1.662860870e+02 5.393658280e-01 -2.628227472e-01 9.290527413e-03 1.527518883e-02 3.869918866e-03 9.998326752e-01
103.482481956 -1.697700348e+02 5.705522299e-01 -3.118897080e-01 9.273321932e-03 1.499143039e-02 6.994282018e-03 9.998201551e-01
103.897654056 -1.739748077e+02 5.954179168e-01 -4.289498627e-01 7.993250452e-03 1.452361613e-02 1.282301459e-02 9.997803473e-01
104.209192037 -1.768020172e+02 6.149315834e-01 -5.203577876e-01 7.982440563e-03 1.625147311e-02 1.478089220e-02 9.997268104e-01
104.624701023 -1.801029510e+02 6.444654465e-01 -6.420224905e-01 7.349187110e-03 1.444315745e-02 1.732685868e-02 9.997185427e-01
104.936621904 -1.824040527e+02 6.647516489e-01 -7.264482975e-01 5.635183767e-03 1.040309504e-02 1.278304059e-02 9.998482956e-01
105.144605875 -1.839442139e+02 6.768168211e-01 -7.463404536e-01 6.710473148e-03 1.128560735e-02 8.496349913e-03 9.998777008e-01
105.560569048 -1.869989166e+02 6.970378160e-01 -7.828723192e-01 7.649659937e-03 1.232281956e-02 -3.737184187e-04 9.998947400e-01
105.976531982 -1.900009613e+02 7.283014059e-01 -7.712897658e-01 7.944289027e-03 1.400911697e-02 -6.512609771e-03 9.998490980e-01
106.288430929 -1.922322388e+02 7.568040490e-01 -7.395963073e-01 8.145778850e-03 1.086119800e-02 -7.843715205e-03 9.998770708e-01
106.600379944 -1.945090485e+02 7.726429701e-01 -7.130064964e-01 8.528092951e-03 9.569357981e-03 -7.528205204e-03 9.998895065e-01
106.912351847 -1.967975769e+02 7.913247943e-01 -6.950156689e-01 8.436880600e-03 8.030088614e-03 -6.983121274e-03 9.999077821e-01
107.328454971 -1.999295807e+02 8.131818175e-01 -6.513305306e-01 7.981032527e-03 1.342028167e-02 -9.190330418e-03 9.998358550e-01
107.640552044 -2.023057404e+02 8.346855640e-01 -5.909363031e-01 8.750627857e-03 9.269116109e-03 -1.342133280e-02 9.998286742e-01
107.952594995 -2.047669830e+02 8.674684167e-01 -5.334257483e-01 8.237334177e-03 9.999812768e-03 -1.658098471e-02 9.997785860e-01
108.368583917 -2.081033478e+02 8.889566660e-01 -4.239838719e-01 9.316190535e-03 8.625786352e-03 -2.045220951e-02 9.997102138e-01
108.680603981 -2.106909485e+02 9.113425016e-01 -3.124565780e-01 7.733853783e-03 9.018036287e-03 -2.314295441e-02 9.996615758e-01
109.096586943 -2.142631226e+02 9.459654689e-01 -1.554342359e-01 8.840642672e-03 9.495462875e-03 -2.467581351e-02 9.996113162e-01
109.408539057 -2.170327759e+02 9.661917090e-01 -3.450579941e-02 1.020587678e-02 1.049989251e-02 -2.510306198e-02 9.995776251e-01
109.824452877 -2.208173218e+02 1.006920218e+00 1.377409548e-01 1.027030353e-02 1.126258421e-02 -2.256606855e-02 9.996291550e-01
110.240316868 -2.245147247e+02 1.039368033e+00 2.650506794e-01 7.742996351e-03 1.158146395e-02 -1.758466102e-02 9.997483160e-01
110.552219868 -2.273260040e+02 1.060212493e+00 3.302583098e-01 7.787356194e-03 1.363948037e-02 -1.433396305e-02 9.997739040e-01
110.968160868 -2.310040436e+02 1.107772350e+00 4.188084900e-01 8.184291445e-03 1.355637631e-02 -1.119375205e-02 9.998119533e-01
111.384171963 -2.344752045e+02 1.135741234e+00 4.854473472e-01 6.769238416e-03 1.348897445e-02 -9.870848155e-03 9.998373824e-01
111.696192026 -2.369238739e+02 1.162582159e+00 5.163880587e-01 4.097013151e-03 1.046741158e-02 -1.041317968e-02 9.998825998e-01
111.904198885 -2.385709839e+02 1.166944146e+00 5.350599885e-01 2.063642769e-03 9.954795086e-03 -1.130919757e-02 9.998843661e-01
112.216192007 -2.410175323e+02 1.178232074e+00 5.768290758e-01 3.875505115e-05 9.813491449e-03 -1.359632447e-02 9.998594070e-01
112.632009029 -2.442471466e+02 1.194154859e+00 6.446349025e-01 1.390838296e-03 1.355843740e-02 -1.259704641e-02 9.998277595e-01
113.047806024 -2.474599609e+02 1.239265561e+00 7.027308345e-01 3.260344343e-03 1.538193022e-02 -8.760142912e-03 9.998380000e-01
0.000000000 -0.000000000e+00 -0.000000000e+00 -0.000000000e+00 1.123192535e-02 8.612480232e-03 -9.674442647e-05 9.998998248e-01
0.208510160 -1.123602629e+00 -1.785700768e-02 2.488719299e-03 1.253492632e-02 7.679848000e-03 1.500039797e-03 9.998908168e-01
0.416970014 -2.240002394e+00 -9.547643363e-03 -9.524597786e-03 1.359883550e-02 6.297041942e-03 3.407496449e-03 9.998818970e-01
0.625477075 -3.365792274e+00 -1.370590460e-02 -2.288992144e-02 1.527840292e-02 5.087523980e-03 4.915134580e-03 9.998582544e-01
0.834036112 -4.524312496e+00 -1.862921007e-02 -3.552628309e-02 1.551319224e-02 5.049332657e-03 6.365882784e-03 9.998466486e-01
1.042546034 -5.712397099e+00 -2.998741902e-02 -6.084538624e-02 1.473803300e-02 2.054733401e-03 7.592291168e-03 9.998604530e-01
1.251055956 -6.945959568e+00 -3.562836349e-02 -9.687013924e-02 1.302909803e-02 5.727649941e-04 8.794240078e-03 9.998762803e-01
1.459565162 -8.253275871e+00 -2.528377622e-02 -1.335563213e-01 1.143576614e-02 8.004265521e-03 1.008032733e-02 9.998517600e-01
1.668073177 -9.609608650e+00 -3.005744703e-02 -1.787413061e-01 1.063094798e-02 1.125540868e-02 1.126083926e-02 9.998167293e-01
1.876558065 -1.099697113e+01 -3.712139558e-03 -2.196746320e-01 9.252164808e-03 5.635047461e-03 1.210589483e-02 9.998680368e-01
2.085070133 -1.249235344e+01 1.520977914e-02 -2.652497888e-01 1.039630448e-02 9.986877006e-03 1.324675875e-02 9.998083329e-01
2.293604135 -1.404529572e+01 4.043345153e-02 -3.102901578e-01 1.125977195e-02 1.517689877e-02 1.383675832e-02 9.997256741e-01
2.502112150 -1.566425133e+01 6.494861841e-02 -3.548867702e-01 1.258832908e-02 1.425344991e-02 1.392165831e-02 9.997222417e-01
2.710610151 -1.733874702e+01 1.083332151e-01 -4.077212811e-01 1.281448624e-02 9.865861032e-03 1.321623743e-02 9.997818686e-01
2.919083118 -1.908155823e+01 1.145027503e-01 -4.509340525e-01 1.397382721e-02 4.588577586e-03 1.222864020e-02 9.998170520e-01
3.127546072 -2.089634895e+01 1.254720241e-01 -5.120025277e-01 1.270048952e-02 3.992433912e-03 1.208909368e-02 9.998382929e-01
3.335983038 -2.276175690e+01 1.192562878e-01 -5.640417933e-01 1.092737349e-02 2.738102880e-03 1.216336442e-02 9.998625645e-01
3.544372081 -2.468320274e+01 1.153958514e-01 -6.364629865e-01 8.099602893e-03 2.224217590e-03 1.213832983e-02 9.998910492e-01
3.752763033 -2.662556076e+01 1.053732634e-01 -6.928901672e-01 7.476557686e-03 2.384497925e-03 1.225525897e-02 9.998941063e-01
3.961174011 -2.862712860e+01 9.552433342e-02 -7.521315813e-01 6.928809414e-03 3.659390652e-03 1.258570986e-02 9.998900941e-01
4.169589042 -3.064907837e+01 8.595246077e-02 -8.141389489e-01 6.743227424e-03 4.007961453e-03 1.280826630e-02 9.998872004e-01
4.378004074 -3.271710968e+01 8.072769642e-02 -8.721602559e-01 5.654955697e-03 4.057300604e-03 1.327668611e-02 9.998876384e-01
4.586368084 -3.481517792e+01 8.308818191e-02 -9.387525320e-01 5.791723534e-03 7.060790880e-03 1.378507919e-02 9.998632770e-01
4.794711113 -3.693185043e+01 8.770278841e-02 -1.008337975e+00 6.292298426e-03 8.703121668e-03 1.464345976e-02 9.998351023e-01
5.107234001 -4.015022278e+01 1.020917594e-01 -1.119628668e+00 5.881400097e-03 8.664574572e-03 1.571373862e-02 9.998216905e-01
5.315623045 -4.232048035e+01 1.092634425e-01 -1.204325676e+00 5.874761782e-03 1.079475066e-02 1.653003466e-02 9.997878367e-01
5.524034977 -4.446463013e+01 1.184507012e-01 -1.287432671e+00 5.748858148e-03 9.634515672e-03 1.711659970e-02 9.997905524e-01
5.732473135 -4.660408020e+01 1.275637150e-01 -1.371714830e+00 3.736229022e-03 7.181455857e-03 1.691101652e-02 9.998242270e-01
5.940910101 -4.878461456e+01 1.341782063e-01 -1.457271338e+00 3.156053117e-03 9.387519454e-03 1.715377547e-02 9.998038117e-01
6.149296999 -5.093114090e+01 1.513548493e-01 -1.536721706e+00 3.881191376e-03 9.831136182e-03 1.699733533e-02 9.997996678e-01
6.461945057 -5.418639755e+01 1.578933895e-01 -1.654482126e+00 4.919623828e-03 6.968572266e-03 1.652407875e-02 9.998270806e-01
6.774513006 -5.739572525e+01 1.472577453e-01 -1.766522527e+00 6.145631682e-03 5.696358416e-03 1.629298645e-02 9.998321466e-01
6.982858181 -5.955726242e+01 1.543781757e-01 -1.840130687e+00 7.419900055e-03 1.131939558e-02 1.600376463e-02 9.997803238e-01
7.191223144 -6.172245407e+01 1.671872139e-01 -1.908841491e+00 1.021173414e-02 1.095621885e-02 1.600331901e-02 9.997597589e-01
7.399538994 -6.388198471e+01 1.692361236e-01 -1.981785655e+00 9.739064463e-03 7.473670745e-03 1.585989775e-02 9.997988590e-01
7.607882023 -6.605268097e+01 1.664087176e-01 -2.060245037e+00 7.876004919e-03 5.108766107e-03 1.570373676e-02 9.998326168e-01
7.816224098 -6.823952484e+01 1.746018678e-01 -2.146978855e+00 5.528232191e-03 7.725946440e-03 1.530007986e-02 9.998378148e-01
8.024542093 -7.042247009e+01 1.812865734e-01 -2.222337723e+00 6.481559339e-03 8.629677013e-03 1.552331469e-02 9.998212564e-01
8.232855081 -7.259451294e+01 1.910132468e-01 -2.298501015e+00 7.633716113e-03 1.044118511e-02 1.610265123e-02 9.997866836e-01
8.441173076 -7.477285767e+01 1.966512948e-01 -2.374488115e+00 8.861653782e-03 1.089904189e-02 1.662429693e-02 9.997631293e-01
8.649468183 -7.692384338e+01 2.014910579e-01 -2.457526684e+00 8.231296067e-03 8.410377494e-03 1.721486275e-02 9.997825563e-01
8.857762098 -7.908588409e+01 2.129977196e-01 -2.543122768e+00 7.076047096e-03 1.075912857e-02 1.794660574e-02 9.997560153e-01
9.066033125 -8.120980072e+01 2.308139950e-01 -2.630603552e+00 6.532481484e-03 1.338894212e-02 1.853879262e-02 9.997171480e-01
9.274301052 -8.332357788e+01 2.466610670e-01 -2.719219446e+00 6.463218084e-03 1.214018481e-02 1.923623615e-02 9.997203659e-01
9.482625961 -8.539009857e+01 2.616594136e-01 -2.810425043e+00 6.947525968e-03 1.234069516e-02 1.980747637e-02 9.997035075e-01
9.690888166 -8.740644836e+01 2.797621191e-01 -2.909724712e+00 7.775429598e-03 1.427794755e-02 2.035814668e-02 9.996605568e-01
9.899157047 -8.932925415e+01 2.930089831e-01 -2.989137888e+00 8.396197020e-03 1.513343190e-02 2.193477049e-02 9.996095983e-01
10.107427120 -9.116994476e+01 3.030694723e-01 -3.088793278e+00 8.874784404e-03 1.450651814e-02 2.496970368e-02 9.995435523e-01
10.315744161 -9.292770386e+01 3.170872629e-01 -3.198665380e+00 8.651059045e-03 1.520349767e-02 2.804175908e-02 9.994536871e-01
10.524060964 -9.458779144e+01 3.301650286e-01 -3.313218117e+00 7.691406824e-03 1.634446327e-02 3.104250582e-02 9.993548237e-01
10.732424974 -9.611869812e+01 3.443142772e-01 -3.421102285e+00 6.113894179e-03 1.716937085e-02 3.369702282e-02 9.992659024e-01
10.940816164 -9.754665375e+01 3.533905745e-01 -3.538316965e+00 5.057094859e-03 1.501193319e-02 3.633274537e-02 9.992141909e-01
11.149229049 -9.883605957e+01 3.659471571e-01 -3.653769732e+00 3.053352875e-03 1.175261097e-02 3.855899841e-02 9.991825443e-01
11.357742071 -1.000278778e+02 3.683104813e-01 -3.765751839e+00 7.170536423e-04 1.130561691e-02 3.893154943e-02 9.991776635e-01
11.566392183 -1.011105881e+02 3.691963255e-01 -3.855977297e+00 -2.344241326e-03 1.289794315e-02 3.508288328e-02 9.992984233e-01
11.775079012 -1.020940857e+02 3.824113011e-01 -3.916115761e+00 -2.770969882e-03 1.507299464e-02 2.629440684e-02 9.995367581e-01
11.983795166 -1.030012054e+02 3.884401917e-01 -3.942725658e+00 -2.399573211e-03 1.654806079e-02 1.397365706e-02 9.997625421e-01
12.192666053 -1.038303833e+02 3.912536204e-01 -3.926362514e+00 -1.853223509e-03 1.539877822e-02 -2.051658725e-03 9.998776095e-01
12.401631117 -1.046332855e+02 3.991412818e-01 -3.871457338e+00 -1.025213936e-03 1.144613121e-02 -2.411740088e-02 9.996430793e-01
12.610715151 -1.053916397e+02 4.042292833e-01 -3.782379389e+00 6.216252820e-04 1.018453506e-02 -5.393508484e-02 9.984923112e-01
12.819825172 -1.061200638e+02 4.117852449e-01 -3.627847910e+00 2.745118208e-03 9.005586109e-03 -8.736168889e-02 9.961321695e-01
13.028862953 -1.068206024e+02 4.040899277e-01 -3.423297405e+00 4.894511033e-03 8.838495069e-03 -1.260556173e-01 9.919717265e-01
13.237874984 -1.074789658e+02 4.001599550e-01 -3.184019089e+00 3.359693155e-03 9.150685188e-03 -1.719403006e-01 9.850591406e-01
13.551217079 -1.083866959e+02 4.194995165e-01 -2.679785013e+00 3.678044639e-03 1.063167961e-02 -2.403296130e-01 9.706261466e-01
13.968713045 -1.094536438e+02 4.143788218e-01 -1.876293302e+00 -1.263016032e-03 7.218991415e-03 -3.380641796e-01 9.410945231e-01
14.177442074 -1.099232712e+02 4.413122833e-01 -1.349938154e+00 -4.404468128e-03 6.301727483e-03 -3.884566439e-01 9.214349270e-01
14.386095047 -1.103476562e+02 4.365590513e-01 -7.718853951e-01 -3.040860355e-03 8.232940836e-03 -4.385187066e-01 8.986792063e-01
14.594747066 -1.107098465e+02 4.418571293e-01 -1.181752011e-01 -2.703770979e-03 1.066893029e-02 -4.878637505e-01 8.728504021e-01
14.803378105 -1.110075073e+02 4.336448014e-01 5.869684219e-01 -2.280473390e-03 1.383508169e-02 -5.368919430e-01 8.435344875e-01
15.011898040 -1.112589111e+02 4.431539774e-01 1.340101242e+00 -7.240835194e-03 1.259566749e-02 -5.832236688e-01 8.121816741e-01
15.220182180 -1.114564743e+02 4.604927003e-01 2.181378603e+00 -6.946706811e-03 9.087281634e-03 -6.192400355e-01 7.851184261e-01
15.428138017 -1.116014786e+02 4.489842355e-01 3.054806948e+00 -3.918771540e-03 5.280434406e-03 -6.465196410e-01 7.628690018e-01
15.739894151 -1.117758865e+02 4.447782338e-01 4.541160583e+00 -6.341994881e-03 1.406495411e-02 -6.758479364e-01 7.368795852e-01
15.947780132 -1.118086929e+02 4.555416107e-01 5.588642120e+00 -2.415951235e-03 1.125050372e-02 -6.922418568e-01 7.215738362e-01
16.155591011 -1.118162766e+02 4.487877786e-01 6.719562531e+00 -2.222531861e-03 6.367601569e-03 -7.040679211e-01 7.101006102e-01
16.467108011 -1.118035812e+02 4.622810483e-01 8.595273018e+00 -1.711081043e-03 4.774439175e-03 -7.118872433e-01 7.022754658e-01
16.674729109 -1.118054657e+02 4.481154680e-01 9.921869278e+00 -5.862773526e-04 5.101306950e-03 -7.112617781e-01 7.029084691e-01
16.882519006 -1.118059769e+02 4.558839202e-01 1.131640434e+01 -1.822630888e-03 5.513079427e-03 -7.101630103e-01 7.040133399e-01
17.090454101 -1.118033752e+02 4.541567862e-01 1.276619244e+01 -2.857598174e-03 6.199913385e-03 -7.093517729e-01 7.048215784e-01
17.298508167 -1.118040009e+02 4.531432092e-01 1.428445339e+01 -2.249605883e-03 7.438474471e-03 -7.089094938e-01 7.052566469e-01
17.506704092 -1.118050232e+02 4.535682797e-01 1.584766579e+01 -1.144900599e-03 8.697588487e-03 -7.094178613e-01 7.047335235e-01
17.819060087 -1.118014526e+02 4.676513374e-01 1.825750923e+01 1.043959800e-03 1.039776102e-02 -7.107198835e-01 7.033975006e-01
18.027354955 -1.117897110e+02 4.588794112e-01 1.989233208e+01 -1.157152014e-03 1.066504523e-02 -7.115164138e-01 7.025875822e-01
18.235648155 -1.117682648e+02 4.600352943e-01 2.156756783e+01 -3.203747119e-03 8.185387565e-03 -7.122144008e-01 7.019069615e-01
18.443941116 -1.117627945e+02 4.683883786e-01 2.326700401e+01 -3.545995949e-03 1.249290205e-02 -7.129606061e-01 7.010838234e-01
18.652285099 -1.117487793e+02 4.707776010e-01 2.497115707e+01 -1.882637147e-03 1.793391863e-02 -7.133124467e-01 7.006141475e-01
18.860597133 -1.117320328e+02 4.823423922e-01 2.665568161e+01 -2.930222556e-03 1.643909597e-02 -7.128156568e-01 7.011526291e-01
19.068962097 -1.117155762e+02 4.780120254e-01 2.831074905e+01 -7.243075505e-03 9.590933205e-03 -7.124130744e-01 7.016574401e-01
19.277330160 -1.116934891e+02 4.801406860e-01 2.997899628e+01 -1.318122702e-03 1.231575654e-02 -7.115371520e-01 7.025392985e-01
19.485710144 -1.116762619e+02 4.766969979e-01 3.163182259e+01 1.297074815e-04 1.297701904e-02 -7.114004563e-01 7.026670413e-01
19.694200039 -1.116696548e+02 4.742248952e-01 3.324894714e+01 -1.969283718e-03 1.434356199e-02 -7.122995811e-01 7.017262222e-01
19.902711153 -1.116444855e+02 4.735461473e-01 3.486622620e+01 -2.372737842e-03 1.483720655e-02 -7.137776816e-01 7.002111458e-01
20.111170053 -1.116247940e+02 4.829550087e-01 3.647144318e+01 -3.169032166e-03 1.609629487e-02 -7.152064656e-01 6.987206724e-01
20.319704056 -1.115920486e+02 4.840421677e-01 3.804848480e+01 -2.749065154e-03 1.640969282e-02 -7.165811425e-01 6.973052637e-01
20.528244018 -1.115565491e+02 4.927113056e-01 3.961087418e+01 -2.877947591e-03 1.597867426e-02 -7.175863134e-01 6.962803187e-01
20.736740112 -1.115047989e+02 4.938246608e-01 4.115071487e+01 -1.870597337e-03 1.615879659e-02 -7.186030512e-01 6.952302129e-01
20.945247173 -1.114731598e+02 4.901881218e-01 4.266188812e+01 -1.958048155e-03 1.750279993e-02 -7.193930728e-01 6.943798852e-01
21.153738975 -1.114312592e+02 5.023947954e-01 4.410081482e+01 -1.850783833e-03 1.830505248e-02 -7.200341179e-01 6.936947230e-01
21.362229109 -1.113853455e+02 4.974555373e-01 4.550093842e+01 -3.557730774e-03 1.657870206e-02 -7.201348639e-01 6.936268933e-01
21.570763111 -1.113411102e+02 4.987453818e-01 4.690090179e+01 -4.808356037e-03 1.618038152e-02 -7.202435467e-01 6.935159035e-01
21.779327154 -1.112951126e+02 5.000144243e-01 4.828538132e+01 -4.226784595e-03 1.619141631e-02 -7.203708156e-01 6.933872370e-01
21.987876177 -1.112645493e+02 5.007302165e-01 4.965296555e+01 -6.253408500e-03 1.793807011e-02 -7.204036598e-01 6.932948056e-01
22.196449041 -1.112186966e+02 5.041382909e-01 5.100677109e+01 -4.883440434e-03 1.822876801e-02 -7.207410601e-01 6.929474644e-01
22.405128002 -1.111784744e+02 5.002629757e-01 5.234667206e+01 -6.143609621e-03 1.964097064e-02 -7.235902396e-01 6.899229330e-01
22.613777160 -1.110977554e+02 5.109639168e-01 5.366887283e+01 -7.173138922e-03 1.633901598e-02 -7.280896793e-01 6.852495906e-01
22.822360992 -1.110134964e+02 5.064980984e-01 5.502315903e+01 -9.508399354e-03 1.826422236e-02 -7.326663182e-01 6.802764693e-01
23.030905008 -1.109134293e+02 4.977021217e-01 5.641689301e+01 -9.875687412e-03 1.891840473e-02 -7.361176829e-01 6.765170521e-01
23.239364147 -1.107956009e+02 5.150632262e-01 5.782015228e+01 -9.491584230e-03 2.095624446e-02 -7.383189656e-01 6.740592338e-01
23.447818041 -1.106718292e+02 5.176740289e-01 5.925233078e+01 -6.986703871e-03 2.295177449e-02 -7.395809905e-01 6.726398446e-01
23.656262159 -1.105310364e+02 5.365812182e-01 6.071981430e+01 -7.652535112e-03 2.086205805e-02 -7.399874109e-01 6.722535570e-01
23.864691019 -1.103735123e+02 5.355318189e-01 6.217801666e+01 -5.741655358e-03 1.338016549e-02 -7.405001699e-01 6.718984321e-01
24.073116064 -1.102354813e+02 5.275477767e-01 6.367582703e+01 -5.688933296e-03 1.463014930e-02 -7.409849870e-01 6.713380994e-01
24.281578064 -1.100958633e+02 5.418397188e-01 6.518476868e+01 -2.781693838e-03 1.632984905e-02 -7.409997627e-01 6.713009384e-01
24.490054130 -1.099556427e+02 5.432389975e-01 6.666419983e+01 -3.343702997e-03 1.677244836e-02 -7.419408614e-01 6.702471655e-01
24.698560953 -1.098098907e+02 5.486483574e-01 6.815569305e+01 -3.596973892e-03 1.660280155e-02 -7.433556942e-01 6.686805820e-01
24.907078981 -1.096537247e+02 5.511456728e-01 6.964640808e+01 -3.789664106e-03 1.704079449e-02 -7.446371187e-01 6.672411942e-01
25.115585088 -1.094957581e+02 5.536141992e-01 7.116657257e+01 -4.580910020e-03 1.635332010e-02 -7.454636051e-01 6.663299466e-01
25.324087143 -1.093326035e+02 5.588890314e-01 7.268595123e+01 -5.140932249e-03 1.652004657e-02 -7.462349736e-01 6.654577545e-01
25.532610178 -1.091649170e+02 5.617619157e-01 7.426006317e+01 -4.733311535e-03 1.840724556e-02 -7.470152779e-01 6.645351335e-01
25.741141081 -1.089899521e+02 5.723971725e-01 7.583371735e+01 -3.815072371e-03 1.918455368e-02 -7.483202128e-01 6.630492118e-01
25.949675083 -1.088031845e+02 5.908333659e-01 7.741667938e+01 -4.279487033e-03 1.868205610e-02 -7.496043049e-01 6.616086856e-01
26.158185005 -1.086002121e+02 6.074014306e-01 7.903813171e+01 -6.143137602e-03 1.551446768e-02 -7.502366826e-01 6.609587606e-01
26.366698026 -1.083901978e+02 5.981906056e-01 8.066419220e+01 -6.550750554e-03 1.296103171e-02 -7.505068022e-01 6.607031400e-01
26.575205087 -1.081762848e+02 5.872383118e-01 8.232270813e+01 -4.084334994e-03 1.256254619e-02 -7.503217613e-01 6.609408107e-01
26.783663034 -1.079762878e+02 5.911627412e-01 8.400461578e+01 -3.371246397e-03 1.437920690e-02 -7.494676535e-01 6.618762041e-01
26.992148161 -1.077719879e+02 6.041330695e-01 8.569724274e+01 -5.607140834e-04 1.640502422e-02 -7.483643473e-01 6.630847340e-01
27.201076984 -1.075853119e+02 6.176390648e-01 8.740547180e+01 -1.571662327e-03 1.458550649e-02 -7.471761186e-01 6.644641756e-01
27.409123182 -1.073973236e+02 6.070816517e-01 8.911411285e+01 -5.635849298e-03 1.243750478e-02 -7.461715053e-01 6.656137246e-01
27.617616176 -1.072159424e+02 6.151976585e-01 9.083937836e+01 -4.513074468e-03 1.473568193e-02 -7.453818142e-01 6.664596333e-01
27.826135158 -1.070357666e+02 6.163725853e-01 9.258134460e+01 -3.503198031e-03 1.507740460e-02 -7.449264760e-01 6.669669743e-01
28.034645080 -1.068518600e+02 6.250476837e-01 9.430097961e+01 -2.448224008e-03 1.520256101e-02 -7.445073753e-01 6.674366311e-01
28.243155956 -1.066720276e+02 6.260017753e-01 9.602949524e+01 -9.397605852e-04 1.396663225e-02 -7.440454498e-01 6.679823490e-01
28.451668024 -1.064993057e+02 6.136115789e-01 9.774466705e+01 -2.748930941e-03 1.402310768e-02 -7.434514341e-01 6.686372416e-01
0.000000000 -0.000000000e+00 -0.000000000e+00 -0.000000000e+00 1.123192535e-02 8.612480232e-03 -9.674442647e-05 9.998998248e-01
0.208510160 -1.119453788e+00 8.501938730e-02 -1.019012854e-01 4.486033446e-02 4.238218799e-02 3.425465698e-02 9.975058491e-01
0.416970014 -2.222393036e+00 1.901943386e-01 -2.135836929e-01 3.015058761e-02 2.330323800e-02 2.000806852e-02 9.990733598e-01
0.625477075 -3.336923122e+00 2.855431437e-01 -3.243587911e-01 1.601280722e-02 5.294912540e-03 4.828926798e-03 9.998461058e-01
0.834036112 -3.134318829e+00 7.406480789e+00 1.183586478e+00 -4.361533326e-01 -2.290803510e-01 -8.691561329e-02 8.658742053e-01
2.606367111 -1.265151787e+01 1.000000000e+01 -2.393644524e+01 3.086905828e-01 -8.238895473e-01 -4.405337316e-01 -1.784549504e-01
2.919083118 -1.284231663e+01 1.404157400e+00 -3.010060501e+01 2.199282641e-01 -5.028088242e-01 2.604963945e-01 7.943276864e-01
3.127546072 -1.354616833e+01 2.966824532e+00 -3.496981812e+01 2.881963675e-01 -8.964807404e-01 -9.084134179e-02 3.240570729e-01
3.961174011 -1.198880672e+01 1.419256568e+00 -3.366816711e+01 2.635391039e-01 -8.950533843e-01 -3.919464949e-02 3.576176162e-01
4.169589042 -1.144814777e+01 8.834546804e-01 -3.324126816e+01 2.697687043e-01 -8.961214055e-01 -8.180424041e-02 3.427817659e-01
4.482185125 -1.180681801e+01 1.261614084e+00 -3.353092575e+01 2.697932388e-01 -8.957311303e-01 -8.603901875e-02 3.427457333e-01
0.000000000 -0.000000000e+00 -0.000000000e+00 -0.000000000e+00 1.123192535e-02 8.612480232e-03 -9.674442647e-05 9.998998248e-01
0.208510160 -1.131342530e+00 1.761822961e-02 -3.188910335e-02 2.246984053e-02 1.787725122e-02 1.169876466e-02 9.995192090e-01
0.416970014 -2.240655899e+00 5.110624805e-02 -7.429271191e-02 1.836660464e-02 1.145109461e-02 8.512710835e-03 9.997295004e-01
0.625477075 -3.365938187e+00 8.022595942e-02 -1.148375869e-01 1.523845406e-02 5.160283617e-03 4.924050229e-03 9.998584473e-01
0.834036112 -3.034582138e+00 3.012051582e-01 -2.094623327e+00 2.501009738e-01 3.933351474e-01 4.424468233e-01 7.661447470e-01
1.459565162 -3.357099533e+00 -6.112099171e+00 -9.477489591e-01 -4.564226087e-01 -5.381361207e-01 -3.956313632e-01 5.878466997e-01
3.023313999 1.042982483e+01 -1.000000000e+01 1.143089008e+01 1.857845122e-02 4.514661096e-02 1.001788430e-01 9.937710119e-01
3.335983038 3.558207321e+01 1.000000000e+01 -2.177284050e+01 1.712279501e-01 3.428049519e-01 7.967753602e-01 4.672416713e-01
3.544372081 4.042503738e+01 5.176257133e+00 -2.143059921e+01 1.404764704e-01 5.630068652e-01 8.144025438e-01 -6.174759761e-03
3.856966972 4.323299026e+01 4.434605598e+00 -2.184013367e+01 1.392419563e-01 5.569346212e-01 8.187888754e-01 -4.503651413e-03
4.065382004 4.517426682e+01 3.921386957e+00 -2.212102318e+01 1.391750360e-01 5.498568831e-01 8.235766294e-01 3.041872493e-03
4.273797989 4.712584305e+01 3.410653591e+00 -2.240756416e+01 1.369424437e-01 5.595033804e-01 8.173013915e-01 -1.487178564e-02
4.482185125 -4.464464951e+01 1.000000000e+01 2.644917107e+01 -6.061348941e-01 -3.538063476e-02 -2.878135550e-01 7.406159992e-01
4.690552950 -4.255204391e+01 1.000000000e+01 2.043952560e+01 -3.277054155e-01 2.265290231e-01 -1.759594356e-01 9.001844474e-01
5.107234001 -4.260864639e+01 1.000000000e+01 2.045788002e+01 -3.170485624e-01 2.300287563e-01 -1.749343647e-01 9.033077816e-01
5.315623045 -4.301599503e+01 1.000000000e+01 2.069945335e+01 -3.234328622e-01 2.276162896e-01 -1.763867212e-01 9.013710296e-01
5.524034977 -4.317680359e+01 1.000000000e+01 2.079173279e+01 -3.135406932e-01 2.358000877e-01 -1.724245996e-01 9.035265961e-01
5.836703062 -4.276580429e+01 1.000000000e+01 2.053363419e+01 -3.104344700e-01 2.385712076e-01 -1.729659963e-01 9.037682130e-01
6.149296999 -4.297177124e+01 1.000000000e+01 2.062987900e+01 -3.063377272e-01 2.375539262e-01 -1.761979854e-01 9.048091506e-01
6.357737064 -4.226749039e+01 1.000000000e+01 2.020797348e+01 -3.160799019e-01 2.247740448e-01 -1.802735917e-01 9.039201052e-01
6.670309066 -4.198639679e+01 9.947999954e+00 2.007617760e+01 -3.163151489e-01 2.227314292e-01 -1.775411326e-01 9.048837402e-01
6.982858181 -4.118134689e+01 9.635801315e+00 1.960040283e+01 -3.139071237e-01 2.299302720e-01 -1.816512565e-01 9.031042070e-01
0.000000000 -0.000000000e+00 -0.000000000e+00 -0.000000000e+00 1.123192535e-02 8.612480232e-03 -9.674442647e-05 9.998998248e-01
0.208510160 -1.131342530e+00 1.761822961e-02 -3.188910335e-02 2.246984053e-02 1.787725122e-02 1.169876466e-02 9.995192090e-01
0.416970014 -2.240655899e+00 5.110624805e-02 -7.429271191e-02 1.836660464e-02 1.145109461e-02 8.512710835e-03 9.997295004e-01
0.625477075 -3.365938187e+00 8.022595942e-02 -1.148375869e-01 1.523845406e-02 5.160283617e-03 4.924050229e-03 9.998584473e-01
0.834036112 -3.034437895e+00 3.018172979e-01 -2.094798565e+00 2.500727045e-01 3.925426520e-01 4.442897548e-01 7.654936463e-01
1.459565162 -3.330918550e+00 -6.079925537e+00 -9.255800247e-01 -4.538161001e-01 -5.390547491e-01 -3.954792659e-01 5.891239895e-01
3.335983038 1.502877712e+01 -1.000000000e+01 1.326592922e+01 7.721439847e-02 8.189706382e-01 5.625376523e-01 8.292418315e-02
3.856966972 4.618009567e+01 4.243523598e+00 -2.070365906e+01 -3.986447994e-01 -4.708599479e-01 -3.249548090e-01 7.167828161e-01
4.690552950 2.047561646e+02 -1.000000000e+01 -1.815254517e+02 6.049243882e-01 -3.283138232e-01 6.188638273e-01 3.785288382e-01
5.524034977 1.327657623e+02 1.000000000e+01 2.345890198e+02 -4.980135159e-01 -4.732732080e-01 -3.678994626e-02 7.257007017e-01
6.253530979 2.145278931e+00 -1.000000000e+01 9.322089844e+02 -2.525055320e-02 -9.959520555e-01 2.642042979e-02 -8.212109103e-02
7.607882023 5.742412109e+02 1.000000000e+01 7.055839844e+02 -4.669837339e-01 -8.128538070e-01 2.709939377e-01 -2.185341312e-01
7.816224098 6.135827026e+02 1.000000000e+01 7.733937378e+02 -7.986062849e-01 -5.217630843e-01 2.568670937e-01 1.549534826e-01
8.753602028 -2.811292114e+02 1.000000000e+01 -3.198135547e+04 7.996332489e-01 -5.412728080e-01 -2.599907718e-01 3.900390957e-03
8.961898088 -3.113964844e+02 1.000000000e+01 -3.751238672e+04 -4.561865415e-01 8.524867916e-01 -2.549842183e-01 -1.196486415e-02
9.274301052 -3.112884827e+02 9.936679840e+00 -3.751232422e+04 -4.559838504e-01 8.497118966e-01 -2.646753032e-01 -3.924908513e-03
0.000000000 -0.000000000e+00 -0.000000000e+00 -0.000000000e+00 1.123192535e-02 8.612480232e-03 -9.674442647e-05 9.998998248e-01
0.208510160 -1.131342530e+00 1.761822961e-02 -3.188910335e-02 2.246984053e-02 1.787725122e-02 1.169876466e-02 9.995192090e-01
0.416970014 -2.240655899e+00 5.110624805e-02 -7.429271191e-02 1.836660464e-02 1.145109461e-02 8.512710835e-03 9.997295004e-01
0.625477075 -3.365938187e+00 8.022595942e-02 -1.148375869e-01 1.523845406e-02 5.160283617e-03 4.924050229e-03 9.998584473e-01
0.834036112 -3.034598827e+00 3.012102246e-01 -2.094604492e+00 2.501011776e-01 3.933362859e-01 4.424463379e-01 7.661443763e-01
1.459565162 -3.357131243e+00 -6.112095356e+00 -9.477338195e-01 -4.564232802e-01 -5.381359949e-01 -3.956315081e-01 5.878461959e-01
2.814840078 9.378108978e+00 -1.000000000e+01 9.939860344e+00 -2.496742819e-01 -2.671004781e-01 -1.922642735e-01 9.106890450e-01
3.231776952 3.363836288e+01 7.095214367e+00 -2.160307693e+01 1.383645679e-01 4.272187334e-02 7.198063857e-01 6.789026844e-01
3.544372081 4.216584396e+01 2.269136190e+00 -2.135689163e+01 1.410796460e-01 6.701450098e-01 7.270893240e-01 4.840779067e-02
4.065382004 -1.729990768e+01 -1.000000000e+01 -1.905290604e+01 -2.506842006e-01 -3.421246554e-01 3.394325770e-01 8.395794646e-01
4.378004074 -2.552988892e+02 -1.000000000e+01 -4.755511093e+01 6.492171817e-01 -2.676360207e-01 -5.589521285e-01 4.409767901e-01
4.794711113 -4.578036499e+01 1.000000000e+01 -2.866423950e+02 -2.347141117e-01 9.466463681e-01 -1.700194618e-01 1.409372983e-01
5.107234001 9.308203125e+01 -1.000000000e+01 -1.366749573e+02 -2.878069810e-01 -1.010132134e-01 8.006903146e-01 5.156146745e-01
5.315623045 1.160362701e+02 1.000000000e+01 -2.089127960e+02 -3.586000064e-01 3.936761447e-01 7.853925201e-01 3.155688797e-01
5.524034977 -3.025863647e+02 -1.000000000e+01 3.419783020e+01 -8.664269725e-01 -1.245555616e-01 -4.511186166e-01 1.740178355e-01
5.732473135 -4.114094238e+02 1.000000000e+01 3.827523804e+02 1.662543490e-02 -1.123607660e-01 -3.840121462e-01 9.163150794e-01
5.940910101 -4.974684448e+02 -1.000000000e+01 -2.165436279e+03 -3.359788091e-01 3.752339559e-01 -4.827891087e-01 7.164023972e-01
6.253530979 -2.400204590e+03 1.000000000e+01 -5.246584473e+02 -4.940651982e-01 -3.447090083e-01 -9.085421771e-02 7.929822133e-01
6.461945057 -3.375618652e+03 1.000000000e+01 -7.225816650e+02 -2.531009793e-01 6.265321990e-02 1.229578708e-01 9.575467771e-01
6.774513006 3.173138672e+03 -1.000000000e+01 1.701312500e+04 -2.133151459e-01 2.833869958e-01 -9.274534784e-01 1.183997660e-01
6.982858181 6.366981934e+03 -1.000000000e+01 2.408622656e+04 1.886045981e-01 4.111852712e-02 -9.223306095e-01 3.347294715e-01
7.191223144 6.667898438e+04 -1.000000000e+01 2.076941016e+04 -4.302001406e-01 -3.164314856e-01 1.768153426e-02 8.452729247e-01
